1.005 10.05
2.015 10.1
3.03 10.15
4.05 10.2
5.075 10.25
6.105 10.3
7.14 10.35
8.18 10.4
9.225 10.45
10.275 10.5
11.33 10.55
12.39 10.6
13.455 10.65
14.525 10.7
15.6 10.75
16.68 10.8
17.765 10.85
18.855 10.9
19.95 10.95
21.05 11.0
22.155 11.05
1.005 10.05
23.265 11.1
2.015 10.1
24.38 11.15
3.03 10.15
25.5 11.2
4.05 10.2
26.625 11.25
5.075 10.25
27.755 11.3
6.105 10.3
28.89 11.35
7.14 10.35
30.03 11.4
8.18 10.4
31.175 11.45
9.225 10.45
32.325 11.5
10.275 10.5
33.48 11.55
11.33 10.55
34.64 11.6
12.39 10.6
35.805 11.65
13.455 10.65
36.975 11.7
14.525 10.7
38.15 11.75
15.6 10.75
39.33 11.8
16.68 10.8
40.515 11.85
17.765 10.85
41.705 11.9
18.855 10.9
42.9 11.95
19.95 10.95
44.1 12.0
21.05 11.0
45.305 12.05
22.155 11.05
1.005 10.05
46.515 12.1
23.265 11.1
2.015 10.1
47.73 12.15
24.38 11.15
3.03 10.15
48.95 12.2
25.5 11.2
4.05 10.2
50.175 12.25
26.625 11.25
5.075 10.25
51.405 12.3
27.755 11.3
6.105 10.3
52.64 12.35
28.89 11.35
7.14 10.35
53.88 12.4
30.03 11.4
8.18 10.4
55.125 12.45
31.175 11.45
9.225 10.45
56.375 12.5
32.325 11.5
10.275 10.5
57.63 12.55
33.48 11.55
11.33 10.55
58.89 12.6
34.64 11.6
12.39 10.6
60.155 12.65
35.805 11.65
13.455 10.65
61.425 12.7
36.975 11.7
14.525 10.7
62.7 12.75
38.15 11.75
15.6 10.75
63.98 12.8
39.33 11.8
16.68 10.8
65.265 12.85
40.515 11.85
17.765 10.85
66.555 12.9
41.705 11.9
18.855 10.9
67.85 12.95
42.9 11.95
19.95 10.95
69.15 13.0
44.1 12.0
21.05 11.0
70.455 13.05
45.305 12.05
22.155 11.05
1.005 10.05
71.765 13.1
46.515 12.1
23.265 11.1
2.015 10.1
73.08 13.15
47.73 12.15
24.38 11.15
3.03 10.15
74.4 13.2
48.95 12.2
25.5 11.2
4.05 10.2
75.725 13.25
50.175 12.25
26.625 11.25
5.075 10.25
77.055 13.3
51.405 12.3
27.755 11.3
6.105 10.3
78.39 13.35
52.64 12.35
28.89 11.35
7.14 10.35
79.73 13.4
53.88 12.4
30.03 11.4
8.18 10.4
81.075 13.45
55.125 12.45
31.175 11.45
9.225 10.45
82.425 13.5
56.375 12.5
32.325 11.5
10.275 10.5
83.78 13.55
57.63 12.55
33.48 11.55
11.33 10.55
85.14 13.6
58.89 12.6
34.64 11.6
12.39 10.6
86.505 13.65
60.155 12.65
35.805 11.65
13.455 10.65
87.875 13.7
61.425 12.7
36.975 11.7
14.525 10.7
89.25 13.75
62.7 12.75
38.15 11.75
15.6 10.75
90.63 13.8
63.98 12.8
39.33 11.8
16.68 10.8
92.015 13.85
65.265 12.85
40.515 11.85
17.765 10.85
93.405 13.9
66.555 12.9
41.705 11.9
18.855 10.9
94.8 13.95
67.85 12.95
42.9 11.95
19.95 10.95
96.2 14.0
69.15 13.0
44.1 12.0
21.05 11.0
97.605 14.05
70.455 13.05
45.305 12.05
22.155 11.05
1.005 10.05
99.015 14.1
71.765 13.1
46.515 12.1
23.265 11.1
2.015 10.1
100.43 14.15
73.08 13.15
47.73 12.15
24.38 11.15
3.03 10.15
101.85 14.2
74.4 13.2
48.95 12.2
25.5 11.2
4.05 10.2
103.275 14.25
75.725 13.25
50.175 12.25
26.625 11.25
5.075 10.25
104.705 14.3
77.055 13.3
51.405 12.3
27.755 11.3
6.105 10.3
106.14 14.35
78.39 13.35
52.64 12.35
28.89 11.35
7.14 10.35
107.58 14.4
79.73 13.4
53.88 12.4
30.03 11.4
8.18 10.4
109.025 14.45
81.075 13.45
55.125 12.45
31.175 11.45
9.225 10.45
110.475 14.5
82.425 13.5
56.375 12.5
32.325 11.5
10.275 10.5
111.93 14.55
83.78 13.55
57.63 12.55
33.48 11.55
11.33 10.55
113.39 14.6
85.14 13.6
58.89 12.6
34.64 11.6
12.39 10.6
114.855 14.65
86.505 13.65
60.155 12.65
35.805 11.65
13.455 10.65
116.325 14.7
87.875 13.7
61.425 12.7
36.975 11.7
14.525 10.7
117.8 14.75
89.25 13.75
62.7 12.75
38.15 11.75
15.6 10.75
119.28 14.8
90.63 13.8
63.98 12.8
39.33 11.8
16.68 10.8
120.765 14.85
92.015 13.85
65.265 12.85
40.515 11.85
17.765 10.85
122.255 14.9
93.405 13.9
66.555 12.9
41.705 11.9
18.855 10.9
123.75 14.95
94.8 13.95
67.85 12.95
42.9 11.95
19.95 10.95
125.25 15.0
96.2 14.0
69.15 13.0
44.1 12.0
21.05 11.0
126.755 15.05
97.605 14.05
70.455 13.05
45.305 12.05
22.155 11.05
1.005 10.05
128.265 15.1
99.015 14.1
71.765 13.1
46.515 12.1
23.265 11.1
2.015 10.1
129.78 15.15
100.43 14.15
73.08 13.15
47.73 12.15
24.38 11.15
3.03 10.15
131.3 15.2
101.85 14.2
74.4 13.2
48.95 12.2
25.5 11.2
4.05 10.2
132.825 15.25
103.275 14.25
75.725 13.25
50.175 12.25
26.625 11.25
5.075 10.25
134.355 15.3
104.705 14.3
77.055 13.3
51.405 12.3
27.755 11.3
6.105 10.3
135.89 15.35
106.14 14.35
78.39 13.35
52.64 12.35
28.89 11.35
7.14 10.35
137.43 15.4
107.58 14.4
79.73 13.4
53.88 12.4
30.03 11.4
8.18 10.4
138.975 15.45
109.025 14.45
81.075 13.45
55.125 12.45
31.175 11.45
9.225 10.45
140.525 15.5
110.475 14.5
82.425 13.5
56.375 12.5
32.325 11.5
10.275 10.5
142.08 15.55
111.93 14.55
83.78 13.55
57.63 12.55
33.48 11.55
11.33 10.55
143.64 15.6
113.39 14.6
85.14 13.6
58.89 12.6
34.64 11.6
12.39 10.6
145.205 15.65
114.855 14.65
86.505 13.65
60.155 12.65
35.805 11.65
13.455 10.65
146.775 15.7
116.325 14.7
87.875 13.7
61.425 12.7
36.975 11.7
14.525 10.7
148.35 15.75
117.8 14.75
89.25 13.75
62.7 12.75
38.15 11.75
15.6 10.75
149.93 15.8
119.28 14.8
90.63 13.8
63.98 12.8
39.33 11.8
16.68 10.8
151.515 15.85
120.765 14.85
92.015 13.85
65.265 12.85
40.515 11.85
17.765 10.85
153.105 15.9
122.255 14.9
93.405 13.9
66.555 12.9
41.705 11.9
18.855 10.9
154.7 15.95
123.75 14.95
94.8 13.95
67.85 12.95
42.9 11.95
19.95 10.95
156.3 16.0
125.25 15.0
96.2 14.0
69.15 13.0
44.1 12.0
21.05 11.0
157.905 16.05
126.755 15.05
97.605 14.05
70.455 13.05
45.305 12.05
22.155 11.05
159.515 16.1
128.265 15.1
99.015 14.1
71.765 13.1
46.515 12.1
23.265 11.1
161.13 16.15
129.78 15.15
100.43 14.15
73.08 13.15
47.73 12.15
24.38 11.15
162.75 16.2
131.3 15.2
101.85 14.2
74.4 13.2
48.95 12.2
25.5 11.2
164.375 16.25
132.825 15.25
103.275 14.25
75.725 13.25
50.175 12.25
26.625 11.25
166.005 16.3
134.355 15.3
104.705 14.3
77.055 13.3
51.405 12.3
27.755 11.3
167.64 16.35
135.89 15.35
106.14 14.35
78.39 13.35
52.64 12.35
28.89 11.35
169.28 16.4
137.43 15.4
107.58 14.4
79.73 13.4
53.88 12.4
30.03 11.4
170.925 16.45
138.975 15.45
109.025 14.45
81.075 13.45
55.125 12.45
31.175 11.45
172.575 16.5
140.525 15.5
110.475 14.5
82.425 13.5
56.375 12.5
32.325 11.5
174.23 16.55
142.08 15.55
111.93 14.55
83.78 13.55
57.63 12.55
33.48 11.55
175.89 16.6
143.64 15.6
113.39 14.6
85.14 13.6
58.89 12.6
34.64 11.6
177.555 16.65
145.205 15.65
114.855 14.65
86.505 13.65
60.155 12.65
35.805 11.65
179.225 16.7
146.775 15.7
116.325 14.7
87.875 13.7
61.425 12.7
36.975 11.7
180.9 16.75
148.35 15.75
117.8 14.75
89.25 13.75
62.7 12.75
38.15 11.75
182.58 16.8
149.93 15.8
119.28 14.8
90.63 13.8
63.98 12.8
39.33 11.8
184.265 16.85
151.515 15.85
120.765 14.85
92.015 13.85
65.265 12.85
40.515 11.85
185.955 16.9
153.105 15.9
122.255 14.9
93.405 13.9
66.555 12.9
41.705 11.9
187.65 16.95
154.7 15.95
123.75 14.95
94.8 13.95
67.85 12.95
42.9 11.95
189.35 17.0
156.3 16.0
125.25 15.0
96.2 14.0
69.15 13.0
44.1 12.0
191.055 17.05
157.905 16.05
126.755 15.05
97.605 14.05
70.455 13.05
45.305 12.05
192.765 17.1
159.515 16.1
128.265 15.1
99.015 14.1
71.765 13.1
46.515 12.1
194.48 17.15
161.13 16.15
129.78 15.15
100.43 14.15
73.08 13.15
47.73 12.15
196.2 17.2
162.75 16.2
131.3 15.2
101.85 14.2
74.4 13.2
48.95 12.2
197.925 17.25
164.375 16.25
132.825 15.25
103.275 14.25
75.725 13.25
50.175 12.25
199.655 17.3
166.005 16.3
134.355 15.3
104.705 14.3
77.055 13.3
51.405 12.3
201.39 17.35
167.64 16.35
135.89 15.35
106.14 14.35
78.39 13.35
52.64 12.35
203.13 17.4
169.28 16.4
137.43 15.4
107.58 14.4
79.73 13.4
53.88 12.4
204.875 17.45
170.925 16.45
138.975 15.45
109.025 14.45
81.075 13.45
55.125 12.45
206.625 17.5
172.575 16.5
140.525 15.5
110.475 14.5
82.425 13.5
56.375 12.5
208.38 17.55
174.23 16.55
142.08 15.55
111.93 14.55
83.78 13.55
57.63 12.55
210.14 17.6
175.89 16.6
143.64 15.6
113.39 14.6
85.14 13.6
58.89 12.6
211.905 17.65
177.555 16.65
145.205 15.65
114.855 14.65
86.505 13.65
60.155 12.65
213.675 17.7
179.225 16.7
146.775 15.7
116.325 14.7
87.875 13.7
61.425 12.7
215.45 17.75
180.9 16.75
148.35 15.75
117.8 14.75
89.25 13.75
62.7 12.75
217.23 17.8
182.58 16.8
149.93 15.8
119.28 14.8
90.63 13.8
63.98 12.8
219.015 17.85
184.265 16.85
151.515 15.85
120.765 14.85
92.015 13.85
65.265 12.85
220.805 17.9
185.955 16.9
153.105 15.9
122.255 14.9
93.405 13.9
66.555 12.9
222.6 17.95
187.65 16.95
154.7 15.95
123.75 14.95
94.8 13.95
67.85 12.95
224.4 18.0
189.35 17.0
156.3 16.0
125.25 15.0
96.2 14.0
69.15 13.0
226.205 18.05
191.055 17.05
157.905 16.05
126.755 15.05
97.605 14.05
70.455 13.05
228.015 18.1
192.765 17.1
159.515 16.1
128.265 15.1
99.015 14.1
71.765 13.1
229.83 18.15
194.48 17.15
161.13 16.15
129.78 15.15
100.43 14.15
73.08 13.15
231.65 18.2
196.2 17.2
162.75 16.2
131.3 15.2
101.85 14.2
74.4 13.2
233.475 18.25
197.925 17.25
164.375 16.25
132.825 15.25
103.275 14.25
75.725 13.25
235.305 18.3
199.655 17.3
166.005 16.3
134.355 15.3
104.705 14.3
77.055 13.3
237.14 18.35
201.39 17.35
167.64 16.35
135.89 15.35
106.14 14.35
78.39 13.35
238.98 18.4
203.13 17.4
169.28 16.4
137.43 15.4
107.58 14.4
79.73 13.4
240.825 18.45
204.875 17.45
170.925 16.45
138.975 15.45
109.025 14.45
81.075 13.45
242.675 18.5
206.625 17.5
172.575 16.5
140.525 15.5
110.475 14.5
82.425 13.5
244.53 18.55
208.38 17.55
174.23 16.55
142.08 15.55
111.93 14.55
83.78 13.55
246.39 18.6
210.14 17.6
175.89 16.6
143.64 15.6
113.39 14.6
85.14 13.6
248.255 18.65
211.905 17.65
177.555 16.65
145.205 15.65
114.855 14.65
86.505 13.65
250.125 18.7
213.675 17.7
179.225 16.7
146.775 15.7
116.325 14.7
87.875 13.7
252.0 18.75
215.45 17.75
180.9 16.75
148.35 15.75
117.8 14.75
89.25 13.75
253.88 18.8
217.23 17.8
182.58 16.8
149.93 15.8
119.28 14.8
90.63 13.8
255.765 18.85
219.015 17.85
184.265 16.85
151.515 15.85
120.765 14.85
92.015 13.85
257.655 18.9
220.805 17.9
185.955 16.9
153.105 15.9
122.255 14.9
93.405 13.9
259.55 18.95
222.6 17.95
187.65 16.95
154.7 15.95
123.75 14.95
94.8 13.95
261.45 19.0
224.4 18.0
189.35 17.0
156.3 16.0
125.25 15.0
96.2 14.0
263.355 19.05
226.205 18.05
191.055 17.05
157.905 16.05
126.755 15.05
97.605 14.05
265.265 19.1
228.015 18.1
192.765 17.1
159.515 16.1
128.265 15.1
99.015 14.1
267.18 19.15
229.83 18.15
194.48 17.15
161.13 16.15
129.78 15.15
100.43 14.15
269.1 19.2
231.65 18.2
196.2 17.2
162.75 16.2
131.3 15.2
101.85 14.2
271.025 19.25
233.475 18.25
197.925 17.25
164.375 16.25
132.825 15.25
103.275 14.25
272.955 19.3
235.305 18.3
199.655 17.3
166.005 16.3
134.355 15.3
104.705 14.3
274.89 19.35
237.14 18.35
201.39 17.35
167.64 16.35
135.89 15.35
106.14 14.35
276.83 19.4
238.98 18.4
203.13 17.4
169.28 16.4
137.43 15.4
107.58 14.4
278.775 19.45
240.825 18.45
204.875 17.45
170.925 16.45
138.975 15.45
109.025 14.45
280.725 19.5
242.675 18.5
206.625 17.5
172.575 16.5
140.525 15.5
110.475 14.5
282.68 19.55
244.53 18.55
208.38 17.55
174.23 16.55
142.08 15.55
111.93 14.55
284.64 19.6
246.39 18.6
210.14 17.6
175.89 16.6
143.64 15.6
113.39 14.6
286.605 19.65
248.255 18.65
211.905 17.65
177.555 16.65
145.205 15.65
114.855 14.65
288.575 19.7
250.125 18.7
213.675 17.7
179.225 16.7
146.775 15.7
116.325 14.7
290.55 19.75
252.0 18.75
215.45 17.75
180.9 16.75
148.35 15.75
117.8 14.75
292.53 19.8
253.88 18.8
217.23 17.8
182.58 16.8
149.93 15.8
119.28 14.8
294.515 19.85
255.765 18.85
219.015 17.85
184.265 16.85
151.515 15.85
120.765 14.85
296.505 19.9
257.655 18.9
220.805 17.9
185.955 16.9
153.105 15.9
122.255 14.9
298.5 19.95
259.55 18.95
222.6 17.95
187.65 16.95
154.7 15.95
123.75 14.95
300.5 20.0
261.45 19.0
224.4 18.0
189.35 17.0
156.3 16.0
125.25 15.0
302.5 20.0
263.355 19.05
226.205 18.05
191.055 17.05
157.905 16.05
126.755 15.05
304.5 20.0
265.265 19.1
228.015 18.1
192.765 17.1
159.515 16.1
128.265 15.1
306.5 20.0
267.18 19.15
229.83 18.15
194.48 17.15
161.13 16.15
129.78 15.15
308.5 20.0
269.1 19.2
231.65 18.2
196.2 17.2
162.75 16.2
131.3 15.2
310.5 20.0
271.025 19.25
233.475 18.25
197.925 17.25
164.375 16.25
132.825 15.25
312.5 20.0
272.955 19.3
235.305 18.3
199.655 17.3
166.005 16.3
134.355 15.3
314.5 20.0
274.89 19.35
237.14 18.35
201.39 17.35
167.64 16.35
135.89 15.35
316.5 20.0
276.83 19.4
238.98 18.4
203.13 17.4
169.28 16.4
137.43 15.4
318.5 20.0
278.775 19.45
240.825 18.45
204.875 17.45
170.925 16.45
138.975 15.45
320.5 20.0
280.725 19.5
242.675 18.5
206.625 17.5
172.575 16.5
140.525 15.5
322.5 20.0
282.68 19.55
244.53 18.55
208.38 17.55
174.23 16.55
142.08 15.55
324.5 20.0
284.64 19.6
246.39 18.6
210.14 17.6
175.89 16.6
143.64 15.6
326.5 20.0
286.605 19.65
248.255 18.65
211.905 17.65
177.555 16.65
145.205 15.65
328.5 20.0
288.575 19.7
250.125 18.7
213.675 17.7
179.225 16.7
146.775 15.7
330.5 20.0
290.55 19.75
252.0 18.75
215.45 17.75
180.9 16.75
148.35 15.75
332.5 20.0
292.53 19.8
253.88 18.8
217.23 17.8
182.58 16.8
149.93 15.8
334.5 20.0
294.515 19.85
255.765 18.85
219.015 17.85
184.265 16.85
151.515 15.85
336.5 20.0
296.505 19.9
257.655 18.9
220.805 17.9
185.955 16.9
153.105 15.9
338.5 20.0
298.5 19.95
259.55 18.95
222.6 17.95
187.65 16.95
154.7 15.95
340.5 20.0
300.5 20.0
261.45 19.0
224.4 18.0
189.35 17.0
156.3 16.0
342.5 20.0
302.5 20.0
263.355 19.05
226.205 18.05
191.055 17.05
157.905 16.05
344.5 20.0
304.5 20.0
265.265 19.1
228.015 18.1
192.765 17.1
159.515 16.1
346.5 20.0
306.5 20.0
267.18 19.15
229.83 18.15
194.48 17.15
161.13 16.15
348.5 20.0
308.5 20.0
269.1 19.2
231.65 18.2
196.2 17.2
162.75 16.2
350.5 20.0
310.5 20.0
271.025 19.25
233.475 18.25
197.925 17.25
164.375 16.25
352.5 20.0
312.5 20.0
272.955 19.3
235.305 18.3
199.655 17.3
166.005 16.3
354.5 20.0
314.5 20.0
274.89 19.35
237.14 18.35
201.39 17.35
167.64 16.35
356.5 20.0
316.5 20.0
276.83 19.4
238.98 18.4
203.13 17.4
169.28 16.4
358.5 20.0
318.5 20.0
278.775 19.45
240.825 18.45
204.875 17.45
170.925 16.45
360.5 20.0
320.5 20.0
280.725 19.5
242.675 18.5
206.625 17.5
172.575 16.5
362.5 20.0
322.5 20.0
282.68 19.55
244.53 18.55
208.38 17.55
174.23 16.55
364.5 20.0
324.5 20.0
284.64 19.6
246.39 18.6
210.14 17.6
175.89 16.6
366.5 20.0
326.5 20.0
286.605 19.65
248.255 18.65
211.905 17.65
177.555 16.65
368.5 20.0
328.5 20.0
288.575 19.7
250.125 18.7
213.675 17.7
179.225 16.7
370.5 20.0
330.5 20.0
290.55 19.75
252.0 18.75
215.45 17.75
180.9 16.75
372.5 20.0
332.5 20.0
292.53 19.8
253.88 18.8
217.23 17.8
182.58 16.8
374.5 20.0
334.5 20.0
294.515 19.85
255.765 18.85
219.015 17.85
184.265 16.85
376.5 20.0
336.5 20.0
296.505 19.9
257.655 18.9
220.805 17.9
185.955 16.9
378.5 20.0
338.5 20.0
298.5 19.95
259.55 18.95
222.6 17.95
187.65 16.95
380.5 20.0
340.5 20.0
300.5 20.0
261.45 19.0
224.4 18.0
189.35 17.0
382.5 20.0
342.5 20.0
302.5 20.0
263.355 19.05
226.205 18.05
191.055 17.05
384.5 20.0
344.5 20.0
304.5 20.0
265.265 19.1
228.015 18.1
192.765 17.1
386.5 20.0
346.5 20.0
306.5 20.0
267.18 19.15
229.83 18.15
194.48 17.15
388.5 20.0
348.5 20.0
308.5 20.0
269.1 19.2
231.65 18.2
196.2 17.2
390.5 20.0
350.5 20.0
310.5 20.0
271.025 19.25
233.475 18.25
197.925 17.25
392.5 20.0
352.5 20.0
312.5 20.0
272.955 19.3
235.305 18.3
199.655 17.3
394.5 20.0
354.5 20.0
314.5 20.0
274.89 19.35
237.14 18.35
201.39 17.35
396.5 20.0
356.5 20.0
316.5 20.0
276.83 19.4
238.98 18.4
203.13 17.4
398.5 20.0
358.5 20.0
318.5 20.0
278.775 19.45
240.825 18.45
204.875 17.45
400.5 20.0
360.5 20.0
320.5 20.0
280.725 19.5
242.675 18.5
206.625 17.5
402.5 20.0
362.5 20.0
322.5 20.0
282.68 19.55
244.53 18.55
208.38 17.55
404.5 20.0
364.5 20.0
324.5 20.0
284.64 19.6
246.39 18.6
210.14 17.6
406.5 20.0
366.5 20.0
326.5 20.0
286.605 19.65
248.255 18.65
211.905 17.65
408.5 20.0
368.5 20.0
328.5 20.0
288.575 19.7
250.125 18.7
213.675 17.7
410.5 20.0
370.5 20.0
330.5 20.0
290.55 19.75
252.0 18.75
215.45 17.75
412.5 20.0
372.5 20.0
332.5 20.0
292.53 19.8
253.88 18.8
217.23 17.8
414.5 20.0
374.5 20.0
334.5 20.0
294.515 19.85
255.765 18.85
219.015 17.85
416.5 20.0
376.5 20.0
336.5 20.0
296.505 19.9
257.655 18.9
220.805 17.9
418.5 20.0
378.5 20.0
338.5 20.0
298.5 19.95
259.55 18.95
222.6 17.95
420.5 20.0
380.5 20.0
340.5 20.0
300.5 20.0
261.45 19.0
224.4 18.0
422.5 20.0
382.5 20.0
342.5 20.0
302.5 20.0
263.355 19.05
226.205 18.05
424.5 20.0
384.5 20.0
344.5 20.0
304.5 20.0
265.265 19.1
228.015 18.1
426.5 20.0
386.5 20.0
346.5 20.0
306.5 20.0
267.18 19.15
229.83 18.15
428.5 20.0
388.5 20.0
348.5 20.0
308.5 20.0
269.1 19.2
231.65 18.2
430.5 20.0
390.5 20.0
350.5 20.0
310.5 20.0
271.025 19.25
233.475 18.25
432.5 20.0
392.5 20.0
352.5 20.0
312.5 20.0
272.955 19.3
235.305 18.3
434.5 20.0
394.5 20.0
354.5 20.0
314.5 20.0
274.89 19.35
237.14 18.35
436.5 20.0
396.5 20.0
356.5 20.0
316.5 20.0
276.83 19.4
238.98 18.4
438.5 20.0
398.5 20.0
358.5 20.0
318.5 20.0
278.775 19.45
240.825 18.45
440.5 20.0
400.5 20.0
360.5 20.0
320.5 20.0
280.725 19.5
242.675 18.5
442.5 20.0
402.5 20.0
362.5 20.0
322.5 20.0
282.68 19.55
244.53 18.55
444.5 20.0
404.5 20.0
364.5 20.0
324.5 20.0
284.64 19.6
246.39 18.6
446.5 20.0
406.5 20.0
366.5 20.0
326.5 20.0
286.605 19.65
248.255 18.65
448.5 20.0
408.5 20.0
368.5 20.0
328.5 20.0
288.575 19.7
250.125 18.7
450.5 20.0
410.5 20.0
370.5 20.0
330.5 20.0
290.55 19.75
252.0 18.75
452.5 20.0
412.5 20.0
372.5 20.0
332.5 20.0
292.53 19.8
253.88 18.8
454.5 20.0
414.5 20.0
374.5 20.0
334.5 20.0
294.515 19.85
255.765 18.85
456.5 20.0
416.5 20.0
376.5 20.0
336.5 20.0
296.505 19.9
257.655 18.9
458.5 20.0
418.5 20.0
378.5 20.0
338.5 20.0
298.5 19.95
259.55 18.95
460.5 20.0
420.5 20.0
380.5 20.0
340.5 20.0
300.5 20.0
261.45 19.0
462.5 20.0
422.5 20.0
382.5 20.0
342.5 20.0
302.5 20.0
263.355 19.05
464.5 20.0
424.5 20.0
384.5 20.0
344.5 20.0
304.5 20.0
265.265 19.1
466.5 20.0
426.5 20.0
386.5 20.0
346.5 20.0
306.5 20.0
267.18 19.15
468.5 20.0
428.5 20.0
388.5 20.0
348.5 20.0
308.5 20.0
269.1 19.2
470.5 20.0
430.5 20.0
390.5 20.0
350.5 20.0
310.5 20.0
271.025 19.25
472.5 20.0
432.5 20.0
392.5 20.0
352.5 20.0
312.5 20.0
272.955 19.3
474.5 20.0
434.5 20.0
394.5 20.0
354.5 20.0
314.5 20.0
274.89 19.35
476.5 20.0
436.5 20.0
396.5 20.0
356.5 20.0
316.5 20.0
276.83 19.4
478.5 20.0
438.5 20.0
398.5 20.0
358.5 20.0
318.5 20.0
278.775 19.45
480.5 20.0
440.5 20.0
400.5 20.0
360.5 20.0
320.5 20.0
280.725 19.5
482.5 20.0
442.5 20.0
402.5 20.0
362.5 20.0
322.5 20.0
282.68 19.55
484.5 20.0
444.5 20.0
404.5 20.0
364.5 20.0
324.5 20.0
284.64 19.6
486.5 20.0
446.5 20.0
406.5 20.0
366.5 20.0
326.5 20.0
286.605 19.65
488.5 20.0
448.5 20.0
408.5 20.0
368.5 20.0
328.5 20.0
288.575 19.7
490.5 20.0
450.5 20.0
410.5 20.0
370.5 20.0
330.5 20.0
290.55 19.75
492.5 20.0
452.5 20.0
412.5 20.0
372.5 20.0
332.5 20.0
292.53 19.8
494.5 20.0
454.5 20.0
414.5 20.0
374.5 20.0
334.5 20.0
294.515 19.85
496.5 20.0
456.5 20.0
416.5 20.0
376.5 20.0
336.5 20.0
296.505 19.9
498.5 20.0
458.5 20.0
418.5 20.0
378.5 20.0
338.5 20.0
298.5 19.95
500.5 20.0
460.5 20.0
420.5 20.0
380.5 20.0
340.5 20.0
300.5 20.0
502.5 20.0
462.5 20.0
422.5 20.0
382.5 20.0
342.5 20.0
302.5 20.0
504.5 20.0
464.5 20.0
424.5 20.0
384.5 20.0
344.5 20.0
304.5 20.0
506.5 20.0
466.5 20.0
426.5 20.0
386.5 20.0
346.5 20.0
306.5 20.0
508.5 20.0
468.5 20.0
428.5 20.0
388.5 20.0
348.5 20.0
308.5 20.0
510.5 20.0
470.5 20.0
430.5 20.0
390.5 20.0
350.5 20.0
310.5 20.0
512.5 20.0
472.5 20.0
432.5 20.0
392.5 20.0
352.5 20.0
312.5 20.0
514.5 20.0
474.5 20.0
434.5 20.0
394.5 20.0
354.5 20.0
314.5 20.0
516.5 20.0
476.5 20.0
436.5 20.0
396.5 20.0
356.5 20.0
316.5 20.0
518.5 20.0
478.5 20.0
438.5 20.0
398.5 20.0
358.5 20.0
318.5 20.0
520.5 20.0
480.5 20.0
440.5 20.0
400.5 20.0
360.5 20.0
320.5 20.0
522.5 20.0
482.5 20.0
442.5 20.0
402.5 20.0
362.5 20.0
322.5 20.0
524.5 20.0
484.5 20.0
444.5 20.0
404.5 20.0
364.5 20.0
324.5 20.0
526.5 20.0
486.5 20.0
446.5 20.0
406.5 20.0
366.5 20.0
326.5 20.0
528.5 20.0
488.5 20.0
448.5 20.0
408.5 20.0
368.5 20.0
328.5 20.0
530.5 20.0
490.5 20.0
450.5 20.0
410.5 20.0
370.5 20.0
330.5 20.0
532.5 20.0
492.5 20.0
452.5 20.0
412.5 20.0
372.5 20.0
332.5 20.0
534.5 20.0
494.5 20.0
454.5 20.0
414.5 20.0
374.5 20.0
334.5 20.0
536.5 20.0
496.5 20.0
456.5 20.0
416.5 20.0
376.5 20.0
336.5 20.0
538.5 20.0
498.5 20.0
458.5 20.0
418.5 20.0
378.5 20.0
338.5 20.0
540.5 20.0
500.5 20.0
460.5 20.0
420.5 20.0
380.5 20.0
340.5 20.0
542.5 20.0
502.5 20.0
462.5 20.0
422.5 20.0
382.5 20.0
342.5 20.0
544.5 20.0
504.5 20.0
464.5 20.0
424.5 20.0
384.5 20.0
344.5 20.0
546.5 20.0
506.5 20.0
466.5 20.0
426.5 20.0
386.5 20.0
346.5 20.0
548.5 20.0
508.5 20.0
468.5 20.0
428.5 20.0
388.5 20.0
348.5 20.0
550.5 20.0
510.5 20.0
470.5 20.0
430.5 20.0
390.5 20.0
350.5 20.0
552.5 20.0
512.5 20.0
472.5 20.0
432.5 20.0
392.5 20.0
352.5 20.0
554.5 20.0
514.5 20.0
474.5 20.0
434.5 20.0
394.5 20.0
354.5 20.0
556.5 20.0
516.5 20.0
476.5 20.0
436.5 20.0
396.5 20.0
356.5 20.0
558.5 20.0
518.5 20.0
478.5 20.0
438.5 20.0
398.5 20.0
358.5 20.0
560.5 20.0
520.5 20.0
480.5 20.0
440.5 20.0
400.5 20.0
360.5 20.0
562.5 20.0
522.5 20.0
482.5 20.0
442.5 20.0
402.5 20.0
362.5 20.0
564.5 20.0
524.5 20.0
484.5 20.0
444.5 20.0
404.5 20.0
364.5 20.0
566.5 20.0
526.5 20.0
486.5 20.0
446.5 20.0
406.5 20.0
366.5 20.0
568.5 20.0
528.5 20.0
488.5 20.0
448.5 20.0
408.5 20.0
368.5 20.0
570.5 20.0
530.5 20.0
490.5 20.0
450.5 20.0
410.5 20.0
370.5 20.0
572.5 20.0
532.5 20.0
492.5 20.0
452.5 20.0
412.5 20.0
372.5 20.0
574.5 20.0
534.5 20.0
494.5 20.0
454.5 20.0
414.5 20.0
374.5 20.0
576.5 20.0
536.5 20.0
496.5 20.0
456.5 20.0
416.5 20.0
376.5 20.0
578.5 20.0
538.5 20.0
498.5 20.0
458.5 20.0
418.5 20.0
378.5 20.0
580.5 20.0
540.5 20.0
500.5 20.0
460.5 20.0
420.5 20.0
380.5 20.0
582.5 20.0
542.5 20.0
502.5 20.0
462.5 20.0
422.5 20.0
382.5 20.0
584.5 20.0
544.5 20.0
504.5 20.0
464.5 20.0
424.5 20.0
384.5 20.0
586.5 20.0
546.5 20.0
506.5 20.0
466.5 20.0
426.5 20.0
386.5 20.0
588.5 20.0
548.5 20.0
508.5 20.0
468.5 20.0
428.5 20.0
388.5 20.0
590.5 20.0
550.5 20.0
510.5 20.0
470.5 20.0
430.5 20.0
390.5 20.0
592.5 20.0
552.5 20.0
512.5 20.0
472.5 20.0
432.5 20.0
392.5 20.0
594.5 20.0
554.5 20.0
514.5 20.0
474.5 20.0
434.5 20.0
394.5 20.0
596.5 20.0
556.5 20.0
516.5 20.0
476.5 20.0
436.5 20.0
396.5 20.0
598.5 20.0
558.5 20.0
518.5 20.0
478.5 20.0
438.5 20.0
398.5 20.0
600.5 20.0
560.5 20.0
520.5 20.0
480.5 20.0
440.5 20.0
400.5 20.0
602.5 20.0
562.5 20.0
522.5 20.0
482.5 20.0
442.5 20.0
402.5 20.0
604.5 20.0
564.5 20.0
524.5 20.0
484.5 20.0
444.5 20.0
404.5 20.0
606.5 20.0
566.5 20.0
526.5 20.0
486.5 20.0
446.5 20.0
406.5 20.0
608.5 20.0
568.5 20.0
528.5 20.0
488.5 20.0
448.5 20.0
408.5 20.0
610.5 20.0
570.5 20.0
530.5 20.0
490.5 20.0
450.5 20.0
410.5 20.0
612.5 20.0
572.5 20.0
532.5 20.0
492.5 20.0
452.5 20.0
412.5 20.0
614.5 20.0
574.5 20.0
534.5 20.0
494.5 20.0
454.5 20.0
414.5 20.0
616.5 20.0
576.5 20.0
536.5 20.0
496.5 20.0
456.5 20.0
416.5 20.0
618.5 20.0
578.5 20.0
538.5 20.0
498.5 20.0
458.5 20.0
418.5 20.0
620.5 20.0
580.5 20.0
540.5 20.0
500.5 20.0
460.5 20.0
420.5 20.0
622.5 20.0
582.5 20.0
542.5 20.0
502.5 20.0
462.5 20.0
422.5 20.0
624.5 20.0
584.5 20.0
544.5 20.0
504.5 20.0
464.5 20.0
424.5 20.0
626.5 20.0
586.5 20.0
546.5 20.0
506.5 20.0
466.5 20.0
426.5 20.0
628.5 20.0
588.5 20.0
548.5 20.0
508.5 20.0
468.5 20.0
428.5 20.0
630.5 20.0
590.5 20.0
550.5 20.0
510.5 20.0
470.5 20.0
430.5 20.0
632.5 20.0
592.5 20.0
552.5 20.0
512.5 20.0
472.5 20.0
432.5 20.0
634.5 20.0
594.5 20.0
554.5 20.0
514.5 20.0
474.5 20.0
434.5 20.0
636.5 20.0
596.5 20.0
556.5 20.0
516.5 20.0
476.5 20.0
436.5 20.0
638.5 20.0
598.5 20.0
558.5 20.0
518.5 20.0
478.5 20.0
438.5 20.0
640.5 20.0
600.5 20.0
560.5 20.0
520.5 20.0
480.5 20.0
440.5 20.0
642.5 20.0
602.5 20.0
562.5 20.0
522.5 20.0
482.5 20.0
442.5 20.0
644.5 20.0
604.5 20.0
564.5 20.0
524.5 20.0
484.5 20.0
444.5 20.0
646.5 20.0
606.5 20.0
566.5 20.0
526.5 20.0
486.5 20.0
446.5 20.0
648.5 20.0
608.5 20.0
568.5 20.0
528.5 20.0
488.5 20.0
448.5 20.0
650.5 20.0
610.5 20.0
570.5 20.0
530.5 20.0
490.5 20.0
450.5 20.0
652.5 20.0
612.5 20.0
572.5 20.0
532.5 20.0
492.5 20.0
452.5 20.0
654.5 20.0
614.5 20.0
574.5 20.0
534.5 20.0
494.5 20.0
454.5 20.0
656.5 20.0
616.5 20.0
576.5 20.0
536.5 20.0
496.5 20.0
456.5 20.0
658.5 20.0
618.5 20.0
578.5 20.0
538.5 20.0
498.5 20.0
458.5 20.0
660.5 20.0
620.5 20.0
580.5 20.0
540.5 20.0
500.5 20.0
460.5 20.0
662.5 20.0
622.5 20.0
582.5 20.0
542.5 20.0
502.5 20.0
462.5 20.0
664.5 20.0
624.5 20.0
584.5 20.0
544.5 20.0
504.5 20.0
464.5 20.0
666.5 20.0
626.5 20.0
586.5 20.0
546.5 20.0
506.5 20.0
466.5 20.0
668.5 20.0
628.5 20.0
588.5 20.0
548.5 20.0
508.5 20.0
468.5 20.0
670.5 20.0
630.5 20.0
590.5 20.0
550.5 20.0
510.5 20.0
470.5 20.0
672.5 20.0
632.5 20.0
592.5 20.0
552.5 20.0
512.5 20.0
472.5 20.0
674.5 20.0
634.5 20.0
594.5 20.0
554.5 20.0
514.5 20.0
474.5 20.0
676.5 20.0
636.5 20.0
596.5 20.0
556.5 20.0
516.5 20.0
476.5 20.0
678.5 20.0
638.5 20.0
598.5 20.0
558.5 20.0
518.5 20.0
478.5 20.0
680.5 20.0
640.5 20.0
600.5 20.0
560.5 20.0
520.5 20.0
480.5 20.0
682.5 20.0
642.5 20.0
602.5 20.0
562.5 20.0
522.5 20.0
482.5 20.0
684.5 20.0
644.5 20.0
604.5 20.0
564.5 20.0
524.5 20.0
484.5 20.0
686.5 20.0
646.5 20.0
606.5 20.0
566.5 20.0
526.5 20.0
486.5 20.0
688.5 20.0
648.5 20.0
608.5 20.0
568.5 20.0
528.5 20.0
488.5 20.0
690.5 20.0
650.5 20.0
610.5 20.0
570.5 20.0
530.5 20.0
490.5 20.0
692.5 20.0
652.5 20.0
612.5 20.0
572.5 20.0
532.5 20.0
492.5 20.0
694.5 20.0
654.5 20.0
614.5 20.0
574.5 20.0
534.5 20.0
494.5 20.0
696.5 20.0
656.5 20.0
616.5 20.0
576.5 20.0
536.5 20.0
496.5 20.0
698.5 20.0
658.5 20.0
618.5 20.0
578.5 20.0
538.5 20.0
498.5 20.0
700.5 20.0
660.5 20.0
620.5 20.0
580.5 20.0
540.5 20.0
500.5 20.0
702.5 20.0
662.5 20.0
622.5 20.0
582.5 20.0
542.5 20.0
502.5 20.0
704.5 20.0
664.5 20.0
624.5 20.0
584.5 20.0
544.5 20.0
504.5 20.0
706.5 20.0
666.5 20.0
626.5 20.0
586.5 20.0
546.5 20.0
506.5 20.0
708.5 20.0
668.5 20.0
628.5 20.0
588.5 20.0
548.5 20.0
508.5 20.0
710.5 20.0
670.5 20.0
630.5 20.0
590.5 20.0
550.5 20.0
510.5 20.0
712.5 20.0
672.5 20.0
632.5 20.0
592.5 20.0
552.5 20.0
512.5 20.0
714.5 20.0
674.5 20.0
634.5 20.0
594.5 20.0
554.5 20.0
514.5 20.0
716.5 20.0
676.5 20.0
636.5 20.0
596.5 20.0
556.5 20.0
516.5 20.0
718.5 20.0
678.5 20.0
638.5 20.0
598.5 20.0
558.5 20.0
518.5 20.0
720.5 20.0
680.5 20.0
640.5 20.0
600.5 20.0
560.5 20.0
520.5 20.0
722.5 20.0
682.5 20.0
642.5 20.0
602.5 20.0
562.5 20.0
522.5 20.0
724.5 20.0
684.5 20.0
644.5 20.0
604.5 20.0
564.5 20.0
524.5 20.0
726.5 20.0
686.5 20.0
646.5 20.0
606.5 20.0
566.5 20.0
526.5 20.0
728.5 20.0
688.5 20.0
648.5 20.0
608.5 20.0
568.5 20.0
528.5 20.0
730.5 20.0
690.5 20.0
650.5 20.0
610.5 20.0
570.5 20.0
530.5 20.0
732.5 20.0
692.5 20.0
652.5 20.0
612.5 20.0
572.5 20.0
532.5 20.0
734.5 20.0
694.5 20.0
654.5 20.0
614.5 20.0
574.5 20.0
534.5 20.0
736.5 20.0
696.5 20.0
656.5 20.0
616.5 20.0
576.5 20.0
536.5 20.0
738.5 20.0
698.5 20.0
658.5 20.0
618.5 20.0
578.5 20.0
538.5 20.0
740.5 20.0
700.5 20.0
660.5 20.0
620.5 20.0
580.5 20.0
540.5 20.0
742.5 20.0
702.5 20.0
662.5 20.0
622.5 20.0
582.5 20.0
542.5 20.0
744.5 20.0
704.5 20.0
664.5 20.0
624.5 20.0
584.5 20.0
544.5 20.0
746.5 20.0
706.5 20.0
666.5 20.0
626.5 20.0
586.5 20.0
546.5 20.0
748.5 20.0
708.5 20.0
668.5 20.0
628.5 20.0
588.5 20.0
548.5 20.0
750.5 20.0
710.5 20.0
670.5 20.0
630.5 20.0
590.5 20.0
550.5 20.0
752.5 20.0
712.5 20.0
672.5 20.0
632.5 20.0
592.5 20.0
552.5 20.0
754.5 20.0
714.5 20.0
674.5 20.0
634.5 20.0
594.5 20.0
554.5 20.0
756.5 20.0
716.5 20.0
676.5 20.0
636.5 20.0
596.5 20.0
556.5 20.0
758.5 20.0
718.5 20.0
678.5 20.0
638.5 20.0
598.5 20.0
558.5 20.0
760.5 20.0
720.5 20.0
680.5 20.0
640.5 20.0
600.5 20.0
560.5 20.0
762.5 20.0
722.5 20.0
682.5 20.0
642.5 20.0
602.5 20.0
562.5 20.0
764.5 20.0
724.5 20.0
684.5 20.0
644.5 20.0
604.5 20.0
564.5 20.0
766.5 20.0
726.5 20.0
686.5 20.0
646.5 20.0
606.5 20.0
566.5 20.0
768.5 20.0
728.5 20.0
688.5 20.0
648.5 20.0
608.5 20.0
568.5 20.0
770.5 20.0
730.5 20.0
690.5 20.0
650.5 20.0
610.5 20.0
570.5 20.0
772.5 20.0
732.5 20.0
692.5 20.0
652.5 20.0
612.5 20.0
572.5 20.0
774.5 20.0
734.5 20.0
694.5 20.0
654.5 20.0
614.5 20.0
574.5 20.0
776.5 20.0
736.5 20.0
696.5 20.0
656.5 20.0
616.5 20.0
576.5 20.0
778.5 20.0
738.5 20.0
698.5 20.0
658.5 20.0
618.5 20.0
578.5 20.0
780.5 20.0
740.5 20.0
700.5 20.0
660.5 20.0
620.5 20.0
580.5 20.0
782.5 20.0
742.5 20.0
702.5 20.0
662.5 20.0
622.5 20.0
582.5 20.0
784.5 20.0
744.5 20.0
704.5 20.0
664.5 20.0
624.5 20.0
584.5 20.0
786.5 20.0
746.5 20.0
706.5 20.0
666.5 20.0
626.5 20.0
586.5 20.0
788.5 20.0
748.5 20.0
708.5 20.0
668.5 20.0
628.5 20.0
588.5 20.0
790.5 20.0
750.5 20.0
710.5 20.0
670.5 20.0
630.5 20.0
590.5 20.0
792.5 20.0
752.5 20.0
712.5 20.0
672.5 20.0
632.5 20.0
592.5 20.0
794.5 20.0
754.5 20.0
714.5 20.0
674.5 20.0
634.5 20.0
594.5 20.0
796.5 20.0
756.5 20.0
716.5 20.0
676.5 20.0
636.5 20.0
596.5 20.0
798.5 20.0
758.5 20.0
718.5 20.0
678.5 20.0
638.5 20.0
598.5 20.0
800.5 20.0
760.5 20.0
720.5 20.0
680.5 20.0
640.5 20.0
600.5 20.0
802.5 20.0
762.5 20.0
722.5 20.0
682.5 20.0
642.5 20.0
602.5 20.0
804.5 20.0
764.5 20.0
724.5 20.0
684.5 20.0
644.5 20.0
604.5 20.0
806.5 20.0
766.5 20.0
726.5 20.0
686.5 20.0
646.5 20.0
606.5 20.0
808.5 20.0
768.5 20.0
728.5 20.0
688.5 20.0
648.5 20.0
608.5 20.0
810.5 20.0
770.5 20.0
730.5 20.0
690.5 20.0
650.5 20.0
610.5 20.0
812.5 20.0
772.5 20.0
732.5 20.0
692.5 20.0
652.5 20.0
612.5 20.0
814.5 20.0
774.5 20.0
734.5 20.0
694.5 20.0
654.5 20.0
614.5 20.0
816.5 20.0
776.5 20.0
736.5 20.0
696.5 20.0
656.5 20.0
616.5 20.0
818.5 20.0
778.5 20.0
738.5 20.0
698.5 20.0
658.5 20.0
618.5 20.0
820.5 20.0
780.5 20.0
740.5 20.0
700.5 20.0
660.5 20.0
620.5 20.0
822.5 20.0
782.5 20.0
742.5 20.0
702.5 20.0
662.5 20.0
622.5 20.0
824.5 20.0
784.5 20.0
744.5 20.0
704.5 20.0
664.5 20.0
624.5 20.0
826.5 20.0
786.5 20.0
746.5 20.0
706.5 20.0
666.5 20.0
626.5 20.0
828.5 20.0
788.5 20.0
748.5 20.0
708.5 20.0
668.5 20.0
628.5 20.0
830.5 20.0
790.5 20.0
750.5 20.0
710.5 20.0
670.5 20.0
630.5 20.0
832.5 20.0
792.5 20.0
752.5 20.0
712.5 20.0
672.5 20.0
632.5 20.0
834.5 20.0
794.5 20.0
754.5 20.0
714.5 20.0
674.5 20.0
634.5 20.0
836.5 20.0
796.5 20.0
756.5 20.0
716.5 20.0
676.5 20.0
636.5 20.0
838.5 20.0
798.5 20.0
758.5 20.0
718.5 20.0
678.5 20.0
638.5 20.0
840.5 20.0
800.5 20.0
760.5 20.0
720.5 20.0
680.5 20.0
640.5 20.0
842.5 20.0
802.5 20.0
762.5 20.0
722.5 20.0
682.5 20.0
642.5 20.0
844.5 20.0
804.5 20.0
764.5 20.0
724.5 20.0
684.5 20.0
644.5 20.0
846.5 20.0
806.5 20.0
766.5 20.0
726.5 20.0
686.5 20.0
646.5 20.0
848.5 20.0
808.5 20.0
768.5 20.0
728.5 20.0
688.5 20.0
648.5 20.0
850.5 20.0
810.5 20.0
770.5 20.0
730.5 20.0
690.5 20.0
650.5 20.0
852.5 20.0
812.5 20.0
772.5 20.0
732.5 20.0
692.5 20.0
652.5 20.0
854.5 20.0
814.5 20.0
774.5 20.0
734.5 20.0
694.5 20.0
654.5 20.0
856.5 20.0
816.5 20.0
776.5 20.0
736.5 20.0
696.5 20.0
656.5 20.0
858.5 20.0
818.5 20.0
778.5 20.0
738.5 20.0
698.5 20.0
658.5 20.0
860.5 20.0
820.5 20.0
780.5 20.0
740.5 20.0
700.5 20.0
660.5 20.0
862.5 20.0
822.5 20.0
782.5 20.0
742.5 20.0
702.5 20.0
662.5 20.0
864.5 20.0
824.5 20.0
784.5 20.0
744.5 20.0
704.5 20.0
664.5 20.0
866.5 20.0
826.5 20.0
786.5 20.0
746.5 20.0
706.5 20.0
666.5 20.0
868.5 20.0
828.5 20.0
788.5 20.0
748.5 20.0
708.5 20.0
668.5 20.0
870.5 20.0
830.5 20.0
790.5 20.0
750.5 20.0
710.5 20.0
670.5 20.0
872.5 20.0
832.5 20.0
792.5 20.0
752.5 20.0
712.5 20.0
672.5 20.0
874.5 20.0
834.5 20.0
794.5 20.0
754.5 20.0
714.5 20.0
674.5 20.0
876.5 20.0
836.5 20.0
796.5 20.0
756.5 20.0
716.5 20.0
676.5 20.0
878.5 20.0
838.5 20.0
798.5 20.0
758.5 20.0
718.5 20.0
678.5 20.0
880.5 20.0
840.5 20.0
800.5 20.0
760.5 20.0
720.5 20.0
680.5 20.0
882.5 20.0
842.5 20.0
802.5 20.0
762.5 20.0
722.5 20.0
682.5 20.0
884.5 20.0
844.5 20.0
804.5 20.0
764.5 20.0
724.5 20.0
684.5 20.0
886.5 20.0
846.5 20.0
806.5 20.0
766.5 20.0
726.5 20.0
686.5 20.0
888.5 20.0
848.5 20.0
808.5 20.0
768.5 20.0
728.5 20.0
688.5 20.0
890.5 20.0
850.5 20.0
810.5 20.0
770.5 20.0
730.5 20.0
690.5 20.0
892.5 20.0
852.5 20.0
812.5 20.0
772.5 20.0
732.5 20.0
692.5 20.0
894.5 20.0
854.5 20.0
814.5 20.0
774.5 20.0
734.5 20.0
694.5 20.0
896.5 20.0
856.5 20.0
816.5 20.0
776.5 20.0
736.5 20.0
696.5 20.0
898.5 20.0
858.5 20.0
818.5 20.0
778.5 20.0
738.5 20.0
698.5 20.0
900.5 20.0
860.5 20.0
820.5 20.0
780.5 20.0
740.5 20.0
700.5 20.0
902.5 20.0
862.5 20.0
822.5 20.0
782.5 20.0
742.5 20.0
702.5 20.0
904.5 20.0
864.5 20.0
824.5 20.0
784.5 20.0
744.5 20.0
704.5 20.0
906.5 20.0
866.5 20.0
826.5 20.0
786.5 20.0
746.5 20.0
706.5 20.0
908.5 20.0
868.5 20.0
828.5 20.0
788.5 20.0
748.5 20.0
708.5 20.0
910.5 20.0
870.5 20.0
830.5 20.0
790.5 20.0
750.5 20.0
710.5 20.0
912.5 20.0
872.5 20.0
832.5 20.0
792.5 20.0
752.5 20.0
712.5 20.0
914.5 20.0
874.5 20.0
834.5 20.0
794.5 20.0
754.5 20.0
714.5 20.0
916.5 20.0
876.5 20.0
836.5 20.0
796.5 20.0
756.5 20.0
716.5 20.0
918.5 20.0
878.5 20.0
838.5 20.0
798.5 20.0
758.5 20.0
718.5 20.0
920.5 20.0
880.5 20.0
840.5 20.0
800.5 20.0
760.5 20.0
720.5 20.0
922.5 20.0
882.5 20.0
842.5 20.0
802.5 20.0
762.5 20.0
722.5 20.0
924.5 20.0
884.5 20.0
844.5 20.0
804.5 20.0
764.5 20.0
724.5 20.0
926.5 20.0
886.5 20.0
846.5 20.0
806.5 20.0
766.5 20.0
726.5 20.0
928.5 20.0
888.5 20.0
848.5 20.0
808.5 20.0
768.5 20.0
728.5 20.0
930.5 20.0
890.5 20.0
850.5 20.0
810.5 20.0
770.5 20.0
730.5 20.0
932.5 20.0
892.5 20.0
852.5 20.0
812.5 20.0
772.5 20.0
732.5 20.0
934.5 20.0
894.5 20.0
854.5 20.0
814.5 20.0
774.5 20.0
734.5 20.0
936.5 20.0
896.5 20.0
856.5 20.0
816.5 20.0
776.5 20.0
736.5 20.0
938.5 20.0
898.5 20.0
858.5 20.0
818.5 20.0
778.5 20.0
738.5 20.0
940.5 20.0
900.5 20.0
860.5 20.0
820.5 20.0
780.5 20.0
740.5 20.0
942.5 20.0
902.5 20.0
862.5 20.0
822.5 20.0
782.5 20.0
742.5 20.0
944.5 20.0
904.5 20.0
864.5 20.0
824.5 20.0
784.5 20.0
744.5 20.0
946.5 20.0
906.5 20.0
866.5 20.0
826.5 20.0
786.5 20.0
746.5 20.0
948.5 20.0
908.5 20.0
868.5 20.0
828.5 20.0
788.5 20.0
748.5 20.0
950.5 20.0
910.5 20.0
870.5 20.0
830.5 20.0
790.5 20.0
750.5 20.0
952.5 20.0
912.5 20.0
872.5 20.0
832.5 20.0
792.5 20.0
752.5 20.0
954.5 20.0
914.5 20.0
874.5 20.0
834.5 20.0
794.5 20.0
754.5 20.0
956.5 20.0
916.5 20.0
876.5 20.0
836.5 20.0
796.5 20.0
756.5 20.0
958.5 20.0
918.5 20.0
878.5 20.0
838.5 20.0
798.5 20.0
758.5 20.0
960.5 20.0
920.5 20.0
880.5 20.0
840.5 20.0
800.5 20.0
760.5 20.0
962.5 20.0
922.5 20.0
882.5 20.0
842.5 20.0
802.5 20.0
762.5 20.0
964.5 20.0
924.5 20.0
884.5 20.0
844.5 20.0
804.5 20.0
764.5 20.0
966.5 20.0
926.5 20.0
886.5 20.0
846.5 20.0
806.5 20.0
766.5 20.0
968.5 20.0
928.5 20.0
888.5 20.0
848.5 20.0
808.5 20.0
768.5 20.0
970.5 20.0
930.5 20.0
890.5 20.0
850.5 20.0
810.5 20.0
770.5 20.0
972.5 20.0
932.5 20.0
892.5 20.0
852.5 20.0
812.5 20.0
772.5 20.0
974.5 20.0
934.5 20.0
894.5 20.0
854.5 20.0
814.5 20.0
774.5 20.0
976.5 20.0
936.5 20.0
896.5 20.0
856.5 20.0
816.5 20.0
776.5 20.0
978.5 20.0
938.5 20.0
898.5 20.0
858.5 20.0
818.5 20.0
778.5 20.0
980.5 20.0
940.5 20.0
900.5 20.0
860.5 20.0
820.5 20.0
780.5 20.0
982.5 20.0
942.5 20.0
902.5 20.0
862.5 20.0
822.5 20.0
782.5 20.0
984.5 20.0
944.5 20.0
904.5 20.0
864.5 20.0
824.5 20.0
784.5 20.0
986.5 20.0
946.5 20.0
906.5 20.0
866.5 20.0
826.5 20.0
786.5 20.0
988.5 20.0
948.5 20.0
908.5 20.0
868.5 20.0
828.5 20.0
788.5 20.0
990.5 20.0
950.5 20.0
910.5 20.0
870.5 20.0
830.5 20.0
790.5 20.0
992.5 20.0
952.5 20.0
912.5 20.0
872.5 20.0
832.5 20.0
792.5 20.0
994.5 20.0
954.5 20.0
914.5 20.0
874.5 20.0
834.5 20.0
794.5 20.0
996.5 20.0
956.5 20.0
916.5 20.0
876.5 20.0
836.5 20.0
796.5 20.0
998.5 20.0
958.5 20.0
918.5 20.0
878.5 20.0
838.5 20.0
798.5 20.0
1000.5 20.0
960.5 20.0
920.5 20.0
880.5 20.0
840.5 20.0
800.5 20.0
1002.5 20.0
962.5 20.0
922.5 20.0
882.5 20.0
842.5 20.0
802.5 20.0
1004.5 20.0
964.5 20.0
924.5 20.0
884.5 20.0
844.5 20.0
804.5 20.0
1006.5 20.0
966.5 20.0
926.5 20.0
886.5 20.0
846.5 20.0
806.5 20.0
1008.5 20.0
968.5 20.0
928.5 20.0
888.5 20.0
848.5 20.0
808.5 20.0
1010.5 20.0
970.5 20.0
930.5 20.0
890.5 20.0
850.5 20.0
810.5 20.0
1012.5 20.0
972.5 20.0
932.5 20.0
892.5 20.0
852.5 20.0
812.5 20.0
1014.5 20.0
974.5 20.0
934.5 20.0
894.5 20.0
854.5 20.0
814.5 20.0
1016.5 20.0
976.5 20.0
936.5 20.0
896.5 20.0
856.5 20.0
816.5 20.0
1018.5 20.0
978.5 20.0
938.5 20.0
898.5 20.0
858.5 20.0
818.5 20.0
1020.5 20.0
980.5 20.0
940.5 20.0
900.5 20.0
860.5 20.0
820.5 20.0
1022.5 20.0
982.5 20.0
942.5 20.0
902.5 20.0
862.5 20.0
822.5 20.0
1024.5 20.0
984.5 20.0
944.5 20.0
904.5 20.0
864.5 20.0
824.5 20.0
1026.5 20.0
986.5 20.0
946.5 20.0
906.5 20.0
866.5 20.0
826.5 20.0
1028.5 20.0
988.5 20.0
948.5 20.0
908.5 20.0
868.5 20.0
828.5 20.0
1030.5 20.0
990.5 20.0
950.5 20.0
910.5 20.0
870.5 20.0
830.5 20.0
1032.5 20.0
992.5 20.0
952.5 20.0
912.5 20.0
872.5 20.0
832.5 20.0
1034.5 20.0
994.5 20.0
954.5 20.0
914.5 20.0
874.5 20.0
834.5 20.0
1036.5 20.0
996.5 20.0
956.5 20.0
916.5 20.0
876.5 20.0
836.5 20.0
1038.5 20.0
998.5 20.0
958.5 20.0
918.5 20.0
878.5 20.0
838.5 20.0
1040.5 20.0
1000.5 20.0
960.5 20.0
920.5 20.0
880.5 20.0
840.5 20.0
1042.5 20.0
1002.5 20.0
962.5 20.0
922.5 20.0
882.5 20.0
842.5 20.0
1044.5 20.0
1004.5 20.0
964.5 20.0
924.5 20.0
884.5 20.0
844.5 20.0
1046.5 20.0
1006.5 20.0
966.5 20.0
926.5 20.0
886.5 20.0
846.5 20.0
1048.5 20.0
1008.5 20.0
968.5 20.0
928.5 20.0
888.5 20.0
848.5 20.0
1050.5 20.0
1010.5 20.0
970.5 20.0
930.5 20.0
890.5 20.0
850.5 20.0
1052.5 20.0
1012.5 20.0
972.5 20.0
932.5 20.0
892.5 20.0
852.5 20.0
1054.5 20.0
1014.5 20.0
974.5 20.0
934.5 20.0
894.5 20.0
854.5 20.0
1056.5 20.0
1016.5 20.0
976.5 20.0
936.5 20.0
896.5 20.0
856.5 20.0
1058.5 20.0
1018.5 20.0
978.5 20.0
938.5 20.0
898.5 20.0
858.5 20.0
1060.5 20.0
1020.5 20.0
980.5 20.0
940.5 20.0
900.5 20.0
860.5 20.0
1062.5 20.0
1022.5 20.0
982.5 20.0
942.5 20.0
902.5 20.0
862.5 20.0
1064.5 20.0
1024.5 20.0
984.5 20.0
944.5 20.0
904.5 20.0
864.5 20.0
1066.5 20.0
1026.5 20.0
986.5 20.0
946.5 20.0
906.5 20.0
866.5 20.0
1068.5 20.0
1028.5 20.0
988.5 20.0
948.5 20.0
908.5 20.0
868.5 20.0
1070.5 20.0
1030.5 20.0
990.5 20.0
950.5 20.0
910.5 20.0
870.5 20.0
1072.5 20.0
1032.5 20.0
992.5 20.0
952.5 20.0
912.5 20.0
872.5 20.0
1074.5 20.0
1034.5 20.0
994.5 20.0
954.5 20.0
914.5 20.0
874.5 20.0
1076.5 20.0
1036.5 20.0
996.5 20.0
956.5 20.0
916.5 20.0
876.5 20.0
1078.5 20.0
1038.5 20.0
998.5 20.0
958.5 20.0
918.5 20.0
878.5 20.0
1080.5 20.0
1040.5 20.0
1000.5 20.0
960.5 20.0
920.5 20.0
880.5 20.0
1082.5 20.0
1042.5 20.0
1002.5 20.0
962.5 20.0
922.5 20.0
882.5 20.0
1084.5 20.0
1044.5 20.0
1004.5 20.0
964.5 20.0
924.5 20.0
884.5 20.0
1086.5 20.0
1046.5 20.0
1006.5 20.0
966.5 20.0
926.5 20.0
886.5 20.0
1088.5 20.0
1048.5 20.0
1008.5 20.0
968.5 20.0
928.5 20.0
888.5 20.0
1090.5 20.0
1050.5 20.0
1010.5 20.0
970.5 20.0
930.5 20.0
890.5 20.0
1092.5 20.0
1052.5 20.0
1012.5 20.0
972.5 20.0
932.5 20.0
892.5 20.0
1094.5 20.0
1054.5 20.0
1014.5 20.0
974.5 20.0
934.5 20.0
894.5 20.0
1096.5 20.0
1056.5 20.0
1016.5 20.0
976.5 20.0
936.5 20.0
896.5 20.0
1098.5 20.0
1058.5 20.0
1018.5 20.0
978.5 20.0
938.5 20.0
898.5 20.0
1100.5 20.0
1060.5 20.0
1020.5 20.0
980.5 20.0
940.5 20.0
900.5 20.0
1102.5 20.0
1062.5 20.0
1022.5 20.0
982.5 20.0
942.5 20.0
902.5 20.0
1104.5 20.0
1064.5 20.0
1024.5 20.0
984.5 20.0
944.5 20.0
904.5 20.0
1106.5 20.0
1066.5 20.0
1026.5 20.0
986.5 20.0
946.5 20.0
906.5 20.0
1108.5 20.0
1068.5 20.0
1028.5 20.0
988.5 20.0
948.5 20.0
908.5 20.0
1110.5 20.0
1070.5 20.0
1030.5 20.0
990.5 20.0
950.5 20.0
910.5 20.0
1112.5 20.0
1072.5 20.0
1032.5 20.0
992.5 20.0
952.5 20.0
912.5 20.0
1114.5 20.0
1074.5 20.0
1034.5 20.0
994.5 20.0
954.5 20.0
914.5 20.0
1116.5 20.0
1076.5 20.0
1036.5 20.0
996.5 20.0
956.5 20.0
916.5 20.0
1118.5 20.0
1078.5 20.0
1038.5 20.0
998.5 20.0
958.5 20.0
918.5 20.0
1120.5 20.0
1080.5 20.0
1040.5 20.0
1000.5 20.0
960.5 20.0
920.5 20.0
1122.5 20.0
1082.5 20.0
1042.5 20.0
1002.5 20.0
962.5 20.0
922.5 20.0
1124.5 20.0
1084.5 20.0
1044.5 20.0
1004.5 20.0
964.5 20.0
924.5 20.0
1126.5 20.0
1086.5 20.0
1046.5 20.0
1006.5 20.0
966.5 20.0
926.5 20.0
1128.5 20.0
1088.5 20.0
1048.5 20.0
1008.5 20.0
968.5 20.0
928.5 20.0
1130.5 20.0
1090.5 20.0
1050.5 20.0
1010.5 20.0
970.5 20.0
930.5 20.0
1132.5 20.0
1092.5 20.0
1052.5 20.0
1012.5 20.0
972.5 20.0
932.5 20.0
1134.5 20.0
1094.5 20.0
1054.5 20.0
1014.5 20.0
974.5 20.0
934.5 20.0
1136.5 20.0
1096.5 20.0
1056.5 20.0
1016.5 20.0
976.5 20.0
936.5 20.0
1138.5 20.0
1098.5 20.0
1058.5 20.0
1018.5 20.0
978.5 20.0
938.5 20.0
1140.5 20.0
1100.5 20.0
1060.5 20.0
1020.5 20.0
980.5 20.0
940.5 20.0
1142.5 20.0
1102.5 20.0
1062.5 20.0
1022.5 20.0
982.5 20.0
942.5 20.0
1144.5 20.0
1104.5 20.0
1064.5 20.0
1024.5 20.0
984.5 20.0
944.5 20.0
1146.5 20.0
1106.5 20.0
1066.5 20.0
1026.5 20.0
986.5 20.0
946.5 20.0
1148.5 20.0
1108.5 20.0
1068.5 20.0
1028.5 20.0
988.5 20.0
948.5 20.0
1150.5 20.0
1110.5 20.0
1070.5 20.0
1030.5 20.0
990.5 20.0
950.5 20.0
1152.5 20.0
1112.5 20.0
1072.5 20.0
1032.5 20.0
992.5 20.0
952.5 20.0
1154.5 20.0
1114.5 20.0
1074.5 20.0
1034.5 20.0
994.5 20.0
954.5 20.0
1156.5 20.0
1116.5 20.0
1076.5 20.0
1036.5 20.0
996.5 20.0
956.5 20.0
1158.5 20.0
1118.5 20.0
1078.5 20.0
1038.5 20.0
998.5 20.0
958.5 20.0
1160.5 20.0
1120.5 20.0
1080.5 20.0
1040.5 20.0
1000.5 20.0
960.5 20.0
1162.5 20.0
1122.5 20.0
1082.5 20.0
1042.5 20.0
1002.5 20.0
962.5 20.0
1164.5 20.0
1124.5 20.0
1084.5 20.0
1044.5 20.0
1004.5 20.0
964.5 20.0
1166.5 20.0
1126.5 20.0
1086.5 20.0
1046.5 20.0
1006.5 20.0
966.5 20.0
1168.5 20.0
1128.5 20.0
1088.5 20.0
1048.5 20.0
1008.5 20.0
968.5 20.0
1170.5 20.0
1130.5 20.0
1090.5 20.0
1050.5 20.0
1010.5 20.0
970.5 20.0
1172.5 20.0
1132.5 20.0
1092.5 20.0
1052.5 20.0
1012.5 20.0
972.5 20.0
1174.5 20.0
1134.5 20.0
1094.5 20.0
1054.5 20.0
1014.5 20.0
974.5 20.0
1176.5 20.0
1136.5 20.0
1096.5 20.0
1056.5 20.0
1016.5 20.0
976.5 20.0
1178.5 20.0
1138.5 20.0
1098.5 20.0
1058.5 20.0
1018.5 20.0
978.5 20.0
1180.5 20.0
1140.5 20.0
1100.5 20.0
1060.5 20.0
1020.5 20.0
980.5 20.0
1182.5 20.0
1142.5 20.0
1102.5 20.0
1062.5 20.0
1022.5 20.0
982.5 20.0
1184.5 20.0
1144.5 20.0
1104.5 20.0
1064.5 20.0
1024.5 20.0
984.5 20.0
1186.5 20.0
1146.5 20.0
1106.5 20.0
1066.5 20.0
1026.5 20.0
986.5 20.0
1188.5 20.0
1148.5 20.0
1108.5 20.0
1068.5 20.0
1028.5 20.0
988.5 20.0
1190.5 20.0
1150.5 20.0
1110.5 20.0
1070.5 20.0
1030.5 20.0
990.5 20.0
1192.5 20.0
1152.5 20.0
1112.5 20.0
1072.5 20.0
1032.5 20.0
992.5 20.0
1194.5 20.0
1154.5 20.0
1114.5 20.0
1074.5 20.0
1034.5 20.0
994.5 20.0
1196.5 20.0
1156.5 20.0
1116.5 20.0
1076.5 20.0
1036.5 20.0
996.5 20.0
1198.5 20.0
1158.5 20.0
1118.5 20.0
1078.5 20.0
1038.5 20.0
998.5 20.0
1200.5 20.0
1160.5 20.0
1120.5 20.0
1080.5 20.0
1040.5 20.0
1000.5 20.0
1202.5 20.0
1162.5 20.0
1122.5 20.0
1082.5 20.0
1042.5 20.0
1002.5 20.0
1204.5 20.0
1164.5 20.0
1124.5 20.0
1084.5 20.0
1044.5 20.0
1004.5 20.0
1206.5 20.0
1166.5 20.0
1126.5 20.0
1086.5 20.0
1046.5 20.0
1006.5 20.0
1208.5 20.0
1168.5 20.0
1128.5 20.0
1088.5 20.0
1048.5 20.0
1008.5 20.0
1210.5 20.0
1170.5 20.0
1130.5 20.0
1090.5 20.0
1050.5 20.0
1010.5 20.0
1212.5 20.0
1172.5 20.0
1132.5 20.0
1092.5 20.0
1052.5 20.0
1012.5 20.0
1214.5 20.0
1174.5 20.0
1134.5 20.0
1094.5 20.0
1054.5 20.0
1014.5 20.0
1216.5 20.0
1176.5 20.0
1136.5 20.0
1096.5 20.0
1056.5 20.0
1016.5 20.0
1218.5 20.0
1178.5 20.0
1138.5 20.0
1098.5 20.0
1058.5 20.0
1018.5 20.0
1220.5 20.0
1180.5 20.0
1140.5 20.0
1100.5 20.0
1060.5 20.0
1020.5 20.0
1222.5 20.0
1182.5 20.0
1142.5 20.0
1102.5 20.0
1062.5 20.0
1022.5 20.0
1224.5 20.0
1184.5 20.0
1144.5 20.0
1104.5 20.0
1064.5 20.0
1024.5 20.0
1226.5 20.0
1186.5 20.0
1146.5 20.0
1106.5 20.0
1066.5 20.0
1026.5 20.0
1228.5 20.0
1188.5 20.0
1148.5 20.0
1108.5 20.0
1068.5 20.0
1028.5 20.0
1230.5 20.0
1190.5 20.0
1150.5 20.0
1110.5 20.0
1070.5 20.0
1030.5 20.0
1232.5 20.0
1192.5 20.0
1152.5 20.0
1112.5 20.0
1072.5 20.0
1032.5 20.0
1234.5 20.0
1194.5 20.0
1154.5 20.0
1114.5 20.0
1074.5 20.0
1034.5 20.0
1236.5 20.0
1196.5 20.0
1156.5 20.0
1116.5 20.0
1076.5 20.0
1036.5 20.0
1238.5 20.0
1198.5 20.0
1158.5 20.0
1118.5 20.0
1078.5 20.0
1038.5 20.0
1240.5 20.0
1200.5 20.0
1160.5 20.0
1120.5 20.0
1080.5 20.0
1040.5 20.0
1242.5 20.0
1202.5 20.0
1162.5 20.0
1122.5 20.0
1082.5 20.0
1042.5 20.0
1244.5 20.0
1204.5 20.0
1164.5 20.0
1124.5 20.0
1084.5 20.0
1044.5 20.0
1246.5 20.0
1206.5 20.0
1166.5 20.0
1126.5 20.0
1086.5 20.0
1046.5 20.0
1248.5 20.0
1208.5 20.0
1168.5 20.0
1128.5 20.0
1088.5 20.0
1048.5 20.0
1250.5 20.0
1210.5 20.0
1170.5 20.0
1130.5 20.0
1090.5 20.0
1050.5 20.0
1252.5 20.0
1212.5 20.0
1172.5 20.0
1132.5 20.0
1092.5 20.0
1052.5 20.0
1254.5 20.0
1214.5 20.0
1174.5 20.0
1134.5 20.0
1094.5 20.0
1054.5 20.0
1256.5 20.0
1216.5 20.0
1176.5 20.0
1136.5 20.0
1096.5 20.0
1056.5 20.0
1258.5 20.0
1218.5 20.0
1178.5 20.0
1138.5 20.0
1098.5 20.0
1058.5 20.0
1260.5 20.0
1220.5 20.0
1180.5 20.0
1140.5 20.0
1100.5 20.0
1060.5 20.0
1262.5 20.0
1222.5 20.0
1182.5 20.0
1142.5 20.0
1102.5 20.0
1062.5 20.0
1264.5 20.0
1224.5 20.0
1184.5 20.0
1144.5 20.0
1104.5 20.0
1064.5 20.0
1266.5 20.0
1226.5 20.0
1186.5 20.0
1146.5 20.0
1106.5 20.0
1066.5 20.0
1268.5 20.0
1228.5 20.0
1188.5 20.0
1148.5 20.0
1108.5 20.0
1068.5 20.0
1270.5 20.0
1230.5 20.0
1190.5 20.0
1150.5 20.0
1110.5 20.0
1070.5 20.0
1272.5 20.0
1232.5 20.0
1192.5 20.0
1152.5 20.0
1112.5 20.0
1072.5 20.0
1274.5 20.0
1234.5 20.0
1194.5 20.0
1154.5 20.0
1114.5 20.0
1074.5 20.0
1276.5 20.0
1236.5 20.0
1196.5 20.0
1156.5 20.0
1116.5 20.0
1076.5 20.0
1278.5 20.0
1238.5 20.0
1198.5 20.0
1158.5 20.0
1118.5 20.0
1078.5 20.0
1280.5 20.0
1240.5 20.0
1200.5 20.0
1160.5 20.0
1120.5 20.0
1080.5 20.0
1282.5 20.0
1242.5 20.0
1202.5 20.0
1162.5 20.0
1122.5 20.0
1082.5 20.0
1284.5 20.0
1244.5 20.0
1204.5 20.0
1164.5 20.0
1124.5 20.0
1084.5 20.0
1286.5 20.0
1246.5 20.0
1206.5 20.0
1166.5 20.0
1126.5 20.0
1086.5 20.0
1288.5 20.0
1248.5 20.0
1208.5 20.0
1168.5 20.0
1128.5 20.0
1088.5 20.0
1290.5 20.0
1250.5 20.0
1210.5 20.0
1170.5 20.0
1130.5 20.0
1090.5 20.0
1292.5 20.0
1252.5 20.0
1212.5 20.0
1172.5 20.0
1132.5 20.0
1092.5 20.0
1294.5 20.0
1254.5 20.0
1214.5 20.0
1174.5 20.0
1134.5 20.0
1094.5 20.0
1296.5 20.0
1256.5 20.0
1216.5 20.0
1176.5 20.0
1136.5 20.0
1096.5 20.0
1298.5 20.0
1258.5 20.0
1218.5 20.0
1178.5 20.0
1138.5 20.0
1098.5 20.0
1300.5 20.0
1260.5 20.0
1220.5 20.0
1180.5 20.0
1140.5 20.0
1100.5 20.0
1302.5 20.0
1262.5 20.0
1222.5 20.0
1182.5 20.0
1142.5 20.0
1102.5 20.0
1304.5 20.0
1264.5 20.0
1224.5 20.0
1184.5 20.0
1144.5 20.0
1104.5 20.0
1306.5 20.0
1266.5 20.0
1226.5 20.0
1186.5 20.0
1146.5 20.0
1106.5 20.0
1308.5 20.0
1268.5 20.0
1228.5 20.0
1188.5 20.0
1148.5 20.0
1108.5 20.0
1310.5 20.0
1270.5 20.0
1230.5 20.0
1190.5 20.0
1150.5 20.0
1110.5 20.0
1312.5 20.0
1272.5 20.0
1232.5 20.0
1192.5 20.0
1152.5 20.0
1112.5 20.0
1314.5 20.0
1274.5 20.0
1234.5 20.0
1194.5 20.0
1154.5 20.0
1114.5 20.0
1316.5 20.0
1276.5 20.0
1236.5 20.0
1196.5 20.0
1156.5 20.0
1116.5 20.0
1318.5 20.0
1278.5 20.0
1238.5 20.0
1198.5 20.0
1158.5 20.0
1118.5 20.0
1320.5 20.0
1280.5 20.0
1240.5 20.0
1200.5 20.0
1160.5 20.0
1120.5 20.0
1322.5 20.0
1282.5 20.0
1242.5 20.0
1202.5 20.0
1162.5 20.0
1122.5 20.0
1324.5 20.0
1284.5 20.0
1244.5 20.0
1204.5 20.0
1164.5 20.0
1124.5 20.0
1326.5 20.0
1286.5 20.0
1246.5 20.0
1206.5 20.0
1166.5 20.0
1126.5 20.0
1328.5 20.0
1288.5 20.0
1248.5 20.0
1208.5 20.0
1168.5 20.0
1128.5 20.0
1330.5 20.0
1290.5 20.0
1250.5 20.0
1210.5 20.0
1170.5 20.0
1130.5 20.0
1332.5 20.0
1292.5 20.0
1252.5 20.0
1212.5 20.0
1172.5 20.0
1132.5 20.0
1334.5 20.0
1294.5 20.0
1254.5 20.0
1214.5 20.0
1174.5 20.0
1134.5 20.0
1336.5 20.0
1296.5 20.0
1256.5 20.0
1216.5 20.0
1176.5 20.0
1136.5 20.0
1338.5 20.0
1298.5 20.0
1258.5 20.0
1218.5 20.0
1178.5 20.0
1138.5 20.0
1340.5 20.0
1300.5 20.0
1260.5 20.0
1220.5 20.0
1180.5 20.0
1140.5 20.0
1342.5 20.0
1302.5 20.0
1262.5 20.0
1222.5 20.0
1182.5 20.0
1142.5 20.0
1344.5 20.0
1304.5 20.0
1264.5 20.0
1224.5 20.0
1184.5 20.0
1144.5 20.0
1346.5 20.0
1306.5 20.0
1266.5 20.0
1226.5 20.0
1186.5 20.0
1146.5 20.0
1348.5 20.0
1308.5 20.0
1268.5 20.0
1228.5 20.0
1188.5 20.0
1148.5 20.0
1350.5 20.0
1310.5 20.0
1270.5 20.0
1230.5 20.0
1190.5 20.0
1150.5 20.0
1352.5 20.0
1312.5 20.0
1272.5 20.0
1232.5 20.0
1192.5 20.0
1152.5 20.0
1354.5 20.0
1314.5 20.0
1274.5 20.0
1234.5 20.0
1194.5 20.0
1154.5 20.0
1356.5 20.0
1316.5 20.0
1276.5 20.0
1236.5 20.0
1196.5 20.0
1156.5 20.0
1358.5 20.0
1318.5 20.0
1278.5 20.0
1238.5 20.0
1198.5 20.0
1158.5 20.0
1360.5 20.0
1320.5 20.0
1280.5 20.0
1240.5 20.0
1200.5 20.0
1160.5 20.0
1362.5 20.0
1322.5 20.0
1282.5 20.0
1242.5 20.0
1202.5 20.0
1162.5 20.0
1364.5 20.0
1324.5 20.0
1284.5 20.0
1244.5 20.0
1204.5 20.0
1164.5 20.0
1366.5 20.0
1326.5 20.0
1286.5 20.0
1246.5 20.0
1206.5 20.0
1166.5 20.0
1368.5 20.0
1328.5 20.0
1288.5 20.0
1248.5 20.0
1208.5 20.0
1168.5 20.0
1370.5 20.0
1330.5 20.0
1290.5 20.0
1250.5 20.0
1210.5 20.0
1170.5 20.0
1372.5 20.0
1332.5 20.0
1292.5 20.0
1252.5 20.0
1212.5 20.0
1172.5 20.0
1374.5 20.0
1334.5 20.0
1294.5 20.0
1254.5 20.0
1214.5 20.0
1174.5 20.0
1376.5 20.0
1336.5 20.0
1296.5 20.0
1256.5 20.0
1216.5 20.0
1176.5 20.0
1378.5 20.0
1338.5 20.0
1298.5 20.0
1258.5 20.0
1218.5 20.0
1178.5 20.0
1380.5 20.0
1340.5 20.0
1300.5 20.0
1260.5 20.0
1220.5 20.0
1180.5 20.0
1382.5 20.0
1342.5 20.0
1302.5 20.0
1262.5 20.0
1222.5 20.0
1182.5 20.0
1384.5 20.0
1344.5 20.0
1304.5 20.0
1264.5 20.0
1224.5 20.0
1184.5 20.0
1386.5 20.0
1346.5 20.0
1306.5 20.0
1266.5 20.0
1226.5 20.0
1186.5 20.0
1388.5 20.0
1348.5 20.0
1308.5 20.0
1268.5 20.0
1228.5 20.0
1188.5 20.0
1390.5 20.0
1350.5 20.0
1310.5 20.0
1270.5 20.0
1230.5 20.0
1190.5 20.0
1392.5 20.0
1352.5 20.0
1312.5 20.0
1272.5 20.0
1232.5 20.0
1192.5 20.0
1394.5 20.0
1354.5 20.0
1314.5 20.0
1274.5 20.0
1234.5 20.0
1194.5 20.0
1396.5 20.0
1356.5 20.0
1316.5 20.0
1276.5 20.0
1236.5 20.0
1196.5 20.0
1398.5 20.0
1358.5 20.0
1318.5 20.0
1278.5 20.0
1238.5 20.0
1198.5 20.0
1400.5 20.0
1360.5 20.0
1320.5 20.0
1280.5 20.0
1240.5 20.0
1200.5 20.0
1402.5 20.0
1362.5 20.0
1322.5 20.0
1282.5 20.0
1242.5 20.0
1202.5 20.0
1404.5 20.0
1364.5 20.0
1324.5 20.0
1284.5 20.0
1244.5 20.0
1204.5 20.0
1406.5 20.0
1366.5 20.0
1326.5 20.0
1286.5 20.0
1246.5 20.0
1206.5 20.0
1408.5 20.0
1368.5 20.0
1328.5 20.0
1288.5 20.0
1248.5 20.0
1208.5 20.0
1410.5 20.0
1370.5 20.0
1330.5 20.0
1290.5 20.0
1250.5 20.0
1210.5 20.0
1412.5 20.0
1372.5 20.0
1332.5 20.0
1292.5 20.0
1252.5 20.0
1212.5 20.0
1414.5 20.0
1374.5 20.0
1334.5 20.0
1294.5 20.0
1254.5 20.0
1214.5 20.0
1416.5 20.0
1376.5 20.0
1336.5 20.0
1296.5 20.0
1256.5 20.0
1216.5 20.0
1418.5 20.0
1378.5 20.0
1338.5 20.0
1298.5 20.0
1258.5 20.0
1218.5 20.0
1420.5 20.0
1380.5 20.0
1340.5 20.0
1300.5 20.0
1260.5 20.0
1220.5 20.0
1422.5 20.0
1382.5 20.0
1342.5 20.0
1302.5 20.0
1262.5 20.0
1222.5 20.0
1424.5 20.0
1384.5 20.0
1344.5 20.0
1304.5 20.0
1264.5 20.0
1224.5 20.0
1426.5 20.0
1386.5 20.0
1346.5 20.0
1306.5 20.0
1266.5 20.0
1226.5 20.0
1428.5 20.0
1388.5 20.0
1348.5 20.0
1308.5 20.0
1268.5 20.0
1228.5 20.0
1430.5 20.0
1390.5 20.0
1350.5 20.0
1310.5 20.0
1270.5 20.0
1230.5 20.0
1432.5 20.0
1392.5 20.0
1352.5 20.0
1312.5 20.0
1272.5 20.0
1232.5 20.0
1434.5 20.0
1394.5 20.0
1354.5 20.0
1314.5 20.0
1274.5 20.0
1234.5 20.0
1436.5 20.0
1396.5 20.0
1356.5 20.0
1316.5 20.0
1276.5 20.0
1236.5 20.0
1438.5 20.0
1398.5 20.0
1358.5 20.0
1318.5 20.0
1278.5 20.0
1238.5 20.0
1440.5 20.0
1400.5 20.0
1360.5 20.0
1320.5 20.0
1280.5 20.0
1240.5 20.0
1442.5 20.0
1402.5 20.0
1362.5 20.0
1322.5 20.0
1282.5 20.0
1242.5 20.0
1444.5 20.0
1404.5 20.0
1364.5 20.0
1324.5 20.0
1284.5 20.0
1244.5 20.0
1446.5 20.0
1406.5 20.0
1366.5 20.0
1326.5 20.0
1286.5 20.0
1246.5 20.0
1448.5 20.0
1408.5 20.0
1368.5 20.0
1328.5 20.0
1288.5 20.0
1248.5 20.0
1450.5 20.0
1410.5 20.0
1370.5 20.0
1330.5 20.0
1290.5 20.0
1250.5 20.0
1452.5 20.0
1412.5 20.0
1372.5 20.0
1332.5 20.0
1292.5 20.0
1252.5 20.0
1454.5 20.0
1414.5 20.0
1374.5 20.0
1334.5 20.0
1294.5 20.0
1254.5 20.0
1456.5 20.0
1416.5 20.0
1376.5 20.0
1336.5 20.0
1296.5 20.0
1256.5 20.0
1458.5 20.0
1418.5 20.0
1378.5 20.0
1338.5 20.0
1298.5 20.0
1258.5 20.0
1460.5 20.0
1420.5 20.0
1380.5 20.0
1340.5 20.0
1300.5 20.0
1260.5 20.0
1462.5 20.0
1422.5 20.0
1382.5 20.0
1342.5 20.0
1302.5 20.0
1262.5 20.0
1464.5 20.0
1424.5 20.0
1384.5 20.0
1344.5 20.0
1304.5 20.0
1264.5 20.0
1466.5 20.0
1426.5 20.0
1386.5 20.0
1346.5 20.0
1306.5 20.0
1266.5 20.0
1468.5 20.0
1428.5 20.0
1388.5 20.0
1348.5 20.0
1308.5 20.0
1268.5 20.0
1470.5 20.0
1430.5 20.0
1390.5 20.0
1350.5 20.0
1310.5 20.0
1270.5 20.0
1472.5 20.0
1432.5 20.0
1392.5 20.0
1352.5 20.0
1312.5 20.0
1272.5 20.0
1474.5 20.0
1434.5 20.0
1394.5 20.0
1354.5 20.0
1314.5 20.0
1274.5 20.0
1476.5 20.0
1436.5 20.0
1396.5 20.0
1356.5 20.0
1316.5 20.0
1276.5 20.0
1478.5 20.0
1438.5 20.0
1398.5 20.0
1358.5 20.0
1318.5 20.0
1278.5 20.0
1480.5 20.0
1440.5 20.0
1400.5 20.0
1360.5 20.0
1320.5 20.0
1280.5 20.0
1482.5 20.0
1442.5 20.0
1402.5 20.0
1362.5 20.0
1322.5 20.0
1282.5 20.0
1484.5 20.0
1444.5 20.0
1404.5 20.0
1364.5 20.0
1324.5 20.0
1284.5 20.0
1486.5 20.0
1446.5 20.0
1406.5 20.0
1366.5 20.0
1326.5 20.0
1286.5 20.0
1488.5 20.0
1448.5 20.0
1408.5 20.0
1368.5 20.0
1328.5 20.0
1288.5 20.0
1490.5 20.0
1450.5 20.0
1410.5 20.0
1370.5 20.0
1330.5 20.0
1290.5 20.0
1492.5 20.0
1452.5 20.0
1412.5 20.0
1372.5 20.0
1332.5 20.0
1292.5 20.0
1494.5 20.0
1454.5 20.0
1414.5 20.0
1374.5 20.0
1334.5 20.0
1294.5 20.0
1496.5 20.0
1456.5 20.0
1416.5 20.0
1376.5 20.0
1336.5 20.0
1296.5 20.0
1498.5 20.0
1458.5 20.0
1418.5 20.0
1378.5 20.0
1338.5 20.0
1298.5 20.0
1500.5 20.0
1460.5 20.0
1420.5 20.0
1380.5 20.0
1340.5 20.0
1300.5 20.0
1502.5 20.0
1462.5 20.0
1422.5 20.0
1382.5 20.0
1342.5 20.0
1302.5 20.0
1504.5 20.0
1464.5 20.0
1424.5 20.0
1384.5 20.0
1344.5 20.0
1304.5 20.0
1506.5 20.0
1466.5 20.0
1426.5 20.0
1386.5 20.0
1346.5 20.0
1306.5 20.0
1508.5 20.0
1468.5 20.0
1428.5 20.0
1388.5 20.0
1348.5 20.0
1308.5 20.0
1510.5 20.0
1470.5 20.0
1430.5 20.0
1390.5 20.0
1350.5 20.0
1310.5 20.0
1512.5 20.0
1472.5 20.0
1432.5 20.0
1392.5 20.0
1352.5 20.0
1312.5 20.0
1514.5 20.0
1474.5 20.0
1434.5 20.0
1394.5 20.0
1354.5 20.0
1314.5 20.0
1516.5 20.0
1476.5 20.0
1436.5 20.0
1396.5 20.0
1356.5 20.0
1316.5 20.0
1518.5 20.0
1478.5 20.0
1438.5 20.0
1398.5 20.0
1358.5 20.0
1318.5 20.0
1520.5 20.0
1480.5 20.0
1440.5 20.0
1400.5 20.0
1360.5 20.0
1320.5 20.0
1522.5 20.0
1482.5 20.0
1442.5 20.0
1402.5 20.0
1362.5 20.0
1322.5 20.0
1524.5 20.0
1484.5 20.0
1444.5 20.0
1404.5 20.0
1364.5 20.0
1324.5 20.0
1526.5 20.0
1486.5 20.0
1446.5 20.0
1406.5 20.0
1366.5 20.0
1326.5 20.0
1528.5 20.0
1488.5 20.0
1448.5 20.0
1408.5 20.0
1368.5 20.0
1328.5 20.0
1530.5 20.0
1490.5 20.0
1450.5 20.0
1410.5 20.0
1370.5 20.0
1330.5 20.0
1532.5 20.0
1492.5 20.0
1452.5 20.0
1412.5 20.0
1372.5 20.0
1332.5 20.0
1534.5 20.0
1494.5 20.0
1454.5 20.0
1414.5 20.0
1374.5 20.0
1334.5 20.0
1536.5 20.0
1496.5 20.0
1456.5 20.0
1416.5 20.0
1376.5 20.0
1336.5 20.0
1538.5 20.0
1498.5 20.0
1458.5 20.0
1418.5 20.0
1378.5 20.0
1338.5 20.0
1540.5 20.0
1500.5 20.0
1460.5 20.0
1420.5 20.0
1380.5 20.0
1340.5 20.0
1542.5 20.0
1502.5 20.0
1462.5 20.0
1422.5 20.0
1382.5 20.0
1342.5 20.0
1544.5 20.0
1504.5 20.0
1464.5 20.0
1424.5 20.0
1384.5 20.0
1344.5 20.0
1546.5 20.0
1506.5 20.0
1466.5 20.0
1426.5 20.0
1386.5 20.0
1346.5 20.0
1548.5 20.0
1508.5 20.0
1468.5 20.0
1428.5 20.0
1388.5 20.0
1348.5 20.0
1550.5 20.0
1510.5 20.0
1470.5 20.0
1430.5 20.0
1390.5 20.0
1350.5 20.0
1552.5 20.0
1512.5 20.0
1472.5 20.0
1432.5 20.0
1392.5 20.0
1352.5 20.0
1554.5 20.0
1514.5 20.0
1474.5 20.0
1434.5 20.0
1394.5 20.0
1354.5 20.0
1556.5 20.0
1516.5 20.0
1476.5 20.0
1436.5 20.0
1396.5 20.0
1356.5 20.0
1558.5 20.0
1518.5 20.0
1478.5 20.0
1438.5 20.0
1398.5 20.0
1358.5 20.0
1560.5 20.0
1520.5 20.0
1480.5 20.0
1440.5 20.0
1400.5 20.0
1360.5 20.0
1562.5 20.0
1522.5 20.0
1482.5 20.0
1442.5 20.0
1402.5 20.0
1362.5 20.0
1564.5 20.0
1524.5 20.0
1484.5 20.0
1444.5 20.0
1404.5 20.0
1364.5 20.0
1566.5 20.0
1526.5 20.0
1486.5 20.0
1446.5 20.0
1406.5 20.0
1366.5 20.0
1568.5 20.0
1528.5 20.0
1488.5 20.0
1448.5 20.0
1408.5 20.0
1368.5 20.0
1570.5 20.0
1530.5 20.0
1490.5 20.0
1450.5 20.0
1410.5 20.0
1370.5 20.0
1572.5 20.0
1532.5 20.0
1492.5 20.0
1452.5 20.0
1412.5 20.0
1372.5 20.0
1574.5 20.0
1534.5 20.0
1494.5 20.0
1454.5 20.0
1414.5 20.0
1374.5 20.0
1576.5 20.0
1536.5 20.0
1496.5 20.0
1456.5 20.0
1416.5 20.0
1376.5 20.0
1578.5 20.0
1538.5 20.0
1498.5 20.0
1458.5 20.0
1418.5 20.0
1378.5 20.0
1580.5 20.0
1540.5 20.0
1500.5 20.0
1460.5 20.0
1420.5 20.0
1380.5 20.0
1582.5 20.0
1542.5 20.0
1502.5 20.0
1462.5 20.0
1422.5 20.0
1382.5 20.0
1584.5 20.0
1544.5 20.0
1504.5 20.0
1464.5 20.0
1424.5 20.0
1384.5 20.0
1586.5 20.0
1546.5 20.0
1506.5 20.0
1466.5 20.0
1426.5 20.0
1386.5 20.0
1588.5 20.0
1548.5 20.0
1508.5 20.0
1468.5 20.0
1428.5 20.0
1388.5 20.0
1590.5 20.0
1550.5 20.0
1510.5 20.0
1470.5 20.0
1430.5 20.0
1390.5 20.0
1592.5 20.0
1552.5 20.0
1512.5 20.0
1472.5 20.0
1432.5 20.0
1392.5 20.0
1594.5 20.0
1554.5 20.0
1514.5 20.0
1474.5 20.0
1434.5 20.0
1394.5 20.0
1596.5 20.0
1556.5 20.0
1516.5 20.0
1476.5 20.0
1436.5 20.0
1396.5 20.0
1598.5 20.0
1558.5 20.0
1518.5 20.0
1478.5 20.0
1438.5 20.0
1398.5 20.0
1600.5 20.0
1560.5 20.0
1520.5 20.0
1480.5 20.0
1440.5 20.0
1400.5 20.0
1602.5 20.0
1562.5 20.0
1522.5 20.0
1482.5 20.0
1442.5 20.0
1402.5 20.0
1604.5 20.0
1564.5 20.0
1524.5 20.0
1484.5 20.0
1444.5 20.0
1404.5 20.0
1606.5 20.0
1566.5 20.0
1526.5 20.0
1486.5 20.0
1446.5 20.0
1406.5 20.0
1608.5 20.0
1568.5 20.0
1528.5 20.0
1488.5 20.0
1448.5 20.0
1408.5 20.0
1610.5 20.0
1570.5 20.0
1530.5 20.0
1490.5 20.0
1450.5 20.0
1410.5 20.0
1612.5 20.0
1572.5 20.0
1532.5 20.0
1492.5 20.0
1452.5 20.0
1412.5 20.0
1614.5 20.0
1574.5 20.0
1534.5 20.0
1494.5 20.0
1454.5 20.0
1414.5 20.0
1616.5 20.0
1576.5 20.0
1536.5 20.0
1496.5 20.0
1456.5 20.0
1416.5 20.0
1618.5 20.0
1578.5 20.0
1538.5 20.0
1498.5 20.0
1458.5 20.0
1418.5 20.0
1620.5 20.0
1580.5 20.0
1540.5 20.0
1500.5 20.0
1460.5 20.0
1420.5 20.0
1622.5 20.0
1582.5 20.0
1542.5 20.0
1502.5 20.0
1462.5 20.0
1422.5 20.0
1624.5 20.0
1584.5 20.0
1544.5 20.0
1504.5 20.0
1464.5 20.0
1424.5 20.0
1626.5 20.0
1586.5 20.0
1546.5 20.0
1506.5 20.0
1466.5 20.0
1426.5 20.0
1628.5 20.0
1588.5 20.0
1548.5 20.0
1508.5 20.0
1468.5 20.0
1428.5 20.0
1630.5 20.0
1590.5 20.0
1550.5 20.0
1510.5 20.0
1470.5 20.0
1430.5 20.0
1632.5 20.0
1592.5 20.0
1552.5 20.0
1512.5 20.0
1472.5 20.0
1432.5 20.0
1634.5 20.0
1594.5 20.0
1554.5 20.0
1514.5 20.0
1474.5 20.0
1434.5 20.0
1636.5 20.0
1596.5 20.0
1556.5 20.0
1516.5 20.0
1476.5 20.0
1436.5 20.0
1638.5 20.0
1598.5 20.0
1558.5 20.0
1518.5 20.0
1478.5 20.0
1438.5 20.0
1640.5 20.0
1600.5 20.0
1560.5 20.0
1520.5 20.0
1480.5 20.0
1440.5 20.0
1642.5 20.0
1602.5 20.0
1562.5 20.0
1522.5 20.0
1482.5 20.0
1442.5 20.0
1644.5 20.0
1604.5 20.0
1564.5 20.0
1524.5 20.0
1484.5 20.0
1444.5 20.0
1646.5 20.0
1606.5 20.0
1566.5 20.0
1526.5 20.0
1486.5 20.0
1446.5 20.0
1648.5 20.0
1608.5 20.0
1568.5 20.0
1528.5 20.0
1488.5 20.0
1448.5 20.0
1650.5 20.0
1610.5 20.0
1570.5 20.0
1530.5 20.0
1490.5 20.0
1450.5 20.0
1652.5 20.0
1612.5 20.0
1572.5 20.0
1532.5 20.0
1492.5 20.0
1452.5 20.0
1654.5 20.0
1614.5 20.0
1574.5 20.0
1534.5 20.0
1494.5 20.0
1454.5 20.0
1656.5 20.0
1616.5 20.0
1576.5 20.0
1536.5 20.0
1496.5 20.0
1456.5 20.0
1658.5 20.0
1618.5 20.0
1578.5 20.0
1538.5 20.0
1498.5 20.0
1458.5 20.0
1660.5 20.0
1620.5 20.0
1580.5 20.0
1540.5 20.0
1500.5 20.0
1460.5 20.0
1662.5 20.0
1622.5 20.0
1582.5 20.0
1542.5 20.0
1502.5 20.0
1462.5 20.0
1664.5 20.0
1624.5 20.0
1584.5 20.0
1544.5 20.0
1504.5 20.0
1464.5 20.0
1666.5 20.0
1626.5 20.0
1586.5 20.0
1546.5 20.0
1506.5 20.0
1466.5 20.0
1668.5 20.0
1628.5 20.0
1588.5 20.0
1548.5 20.0
1508.5 20.0
1468.5 20.0
1670.5 20.0
1630.5 20.0
1590.5 20.0
1550.5 20.0
1510.5 20.0
1470.5 20.0
1672.5 20.0
1632.5 20.0
1592.5 20.0
1552.5 20.0
1512.5 20.0
1472.5 20.0
1674.5 20.0
1634.5 20.0
1594.5 20.0
1554.5 20.0
1514.5 20.0
1474.5 20.0
1676.5 20.0
1636.5 20.0
1596.5 20.0
1556.5 20.0
1516.5 20.0
1476.5 20.0
1678.5 20.0
1638.5 20.0
1598.5 20.0
1558.5 20.0
1518.5 20.0
1478.5 20.0
1680.5 20.0
1640.5 20.0
1600.5 20.0
1560.5 20.0
1520.5 20.0
1480.5 20.0
1682.5 20.0
1642.5 20.0
1602.5 20.0
1562.5 20.0
1522.5 20.0
1482.5 20.0
1684.5 20.0
1644.5 20.0
1604.5 20.0
1564.5 20.0
1524.5 20.0
1484.5 20.0
1686.5 20.0
1646.5 20.0
1606.5 20.0
1566.5 20.0
1526.5 20.0
1486.5 20.0
1688.5 20.0
1648.5 20.0
1608.5 20.0
1568.5 20.0
1528.5 20.0
1488.5 20.0
1690.5 20.0
1650.5 20.0
1610.5 20.0
1570.5 20.0
1530.5 20.0
1490.5 20.0
1692.5 20.0
1652.5 20.0
1612.5 20.0
1572.5 20.0
1532.5 20.0
1492.5 20.0
1694.5 20.0
1654.5 20.0
1614.5 20.0
1574.5 20.0
1534.5 20.0
1494.5 20.0
1696.5 20.0
1656.5 20.0
1616.5 20.0
1576.5 20.0
1536.5 20.0
1496.5 20.0
1698.5 20.0
1658.5 20.0
1618.5 20.0
1578.5 20.0
1538.5 20.0
1498.5 20.0
1700.5 20.0
1660.5 20.0
1620.5 20.0
1580.5 20.0
1540.5 20.0
1500.5 20.0
1702.5 20.0
1662.5 20.0
1622.5 20.0
1582.5 20.0
1542.5 20.0
1502.5 20.0
1704.5 20.0
1664.5 20.0
1624.5 20.0
1584.5 20.0
1544.5 20.0
1504.5 20.0
1706.5 20.0
1666.5 20.0
1626.5 20.0
1586.5 20.0
1546.5 20.0
1506.5 20.0
1708.5 20.0
1668.5 20.0
1628.5 20.0
1588.5 20.0
1548.5 20.0
1508.5 20.0
1710.5 20.0
1670.5 20.0
1630.5 20.0
1590.5 20.0
1550.5 20.0
1510.5 20.0
1712.5 20.0
1672.5 20.0
1632.5 20.0
1592.5 20.0
1552.5 20.0
1512.5 20.0
1714.5 20.0
1674.5 20.0
1634.5 20.0
1594.5 20.0
1554.5 20.0
1514.5 20.0
1716.5 20.0
1676.5 20.0
1636.5 20.0
1596.5 20.0
1556.5 20.0
1516.5 20.0
1718.5 20.0
1678.5 20.0
1638.5 20.0
1598.5 20.0
1558.5 20.0
1518.5 20.0
1720.5 20.0
1680.5 20.0
1640.5 20.0
1600.5 20.0
1560.5 20.0
1520.5 20.0
1722.5 20.0
1682.5 20.0
1642.5 20.0
1602.5 20.0
1562.5 20.0
1522.5 20.0
1724.5 20.0
1684.5 20.0
1644.5 20.0
1604.5 20.0
1564.5 20.0
1524.5 20.0
1726.5 20.0
1686.5 20.0
1646.5 20.0
1606.5 20.0
1566.5 20.0
1526.5 20.0
1728.5 20.0
1688.5 20.0
1648.5 20.0
1608.5 20.0
1568.5 20.0
1528.5 20.0
1730.5 20.0
1690.5 20.0
1650.5 20.0
1610.5 20.0
1570.5 20.0
1530.5 20.0
1732.5 20.0
1692.5 20.0
1652.5 20.0
1612.5 20.0
1572.5 20.0
1532.5 20.0
1734.5 20.0
1694.5 20.0
1654.5 20.0
1614.5 20.0
1574.5 20.0
1534.5 20.0
1736.5 20.0
1696.5 20.0
1656.5 20.0
1616.5 20.0
1576.5 20.0
1536.5 20.0
1738.5 20.0
1698.5 20.0
1658.5 20.0
1618.5 20.0
1578.5 20.0
1538.5 20.0
1740.5 20.0
1700.5 20.0
1660.5 20.0
1620.5 20.0
1580.5 20.0
1540.5 20.0
1742.5 20.0
1702.5 20.0
1662.5 20.0
1622.5 20.0
1582.5 20.0
1542.5 20.0
1744.5 20.0
1704.5 20.0
1664.5 20.0
1624.5 20.0
1584.5 20.0
1544.5 20.0
1746.5 20.0
1706.5 20.0
1666.5 20.0
1626.5 20.0
1586.5 20.0
1546.5 20.0
1748.5 20.0
1708.5 20.0
1668.5 20.0
1628.5 20.0
1588.5 20.0
1548.5 20.0
1750.5 20.0
1710.5 20.0
1670.5 20.0
1630.5 20.0
1590.5 20.0
1550.5 20.0
1752.5 20.0
1712.5 20.0
1672.5 20.0
1632.5 20.0
1592.5 20.0
1552.5 20.0
1754.5 20.0
1714.5 20.0
1674.5 20.0
1634.5 20.0
1594.5 20.0
1554.5 20.0
1756.5 20.0
1716.5 20.0
1676.5 20.0
1636.5 20.0
1596.5 20.0
1556.5 20.0
1758.5 20.0
1718.5 20.0
1678.5 20.0
1638.5 20.0
1598.5 20.0
1558.5 20.0
1760.5 20.0
1720.5 20.0
1680.5 20.0
1640.5 20.0
1600.5 20.0
1560.5 20.0
1762.5 20.0
1722.5 20.0
1682.5 20.0
1642.5 20.0
1602.5 20.0
1562.5 20.0
1764.5 20.0
1724.5 20.0
1684.5 20.0
1644.5 20.0
1604.5 20.0
1564.5 20.0
1766.5 20.0
1726.5 20.0
1686.5 20.0
1646.5 20.0
1606.5 20.0
1566.5 20.0
1768.5 20.0
1728.5 20.0
1688.5 20.0
1648.5 20.0
1608.5 20.0
1568.5 20.0
1770.5 20.0
1730.5 20.0
1690.5 20.0
1650.5 20.0
1610.5 20.0
1570.5 20.0
1772.5 20.0
1732.5 20.0
1692.5 20.0
1652.5 20.0
1612.5 20.0
1572.5 20.0
1774.5 20.0
1734.5 20.0
1694.5 20.0
1654.5 20.0
1614.5 20.0
1574.5 20.0
1776.5 20.0
1736.5 20.0
1696.5 20.0
1656.5 20.0
1616.5 20.0
1576.5 20.0
1778.5 20.0
1738.5 20.0
1698.5 20.0
1658.5 20.0
1618.5 20.0
1578.5 20.0
1780.5 20.0
1740.5 20.0
1700.5 20.0
1660.5 20.0
1620.5 20.0
1580.5 20.0
1782.5 20.0
1742.5 20.0
1702.5 20.0
1662.5 20.0
1622.5 20.0
1582.5 20.0
1784.5 20.0
1744.5 20.0
1704.5 20.0
1664.5 20.0
1624.5 20.0
1584.5 20.0
1786.5 20.0
1746.5 20.0
1706.5 20.0
1666.5 20.0
1626.5 20.0
1586.5 20.0
1788.5 20.0
1748.5 20.0
1708.5 20.0
1668.5 20.0
1628.5 20.0
1588.5 20.0
1790.5 20.0
1750.5 20.0
1710.5 20.0
1670.5 20.0
1630.5 20.0
1590.5 20.0
1792.5 20.0
1752.5 20.0
1712.5 20.0
1672.5 20.0
1632.5 20.0
1592.5 20.0
1794.5 20.0
1754.5 20.0
1714.5 20.0
1674.5 20.0
1634.5 20.0
1594.5 20.0
1796.5 20.0
1756.5 20.0
1716.5 20.0
1676.5 20.0
1636.5 20.0
1596.5 20.0
1798.5 20.0
1758.5 20.0
1718.5 20.0
1678.5 20.0
1638.5 20.0
1598.5 20.0
1800.5 20.0
1760.5 20.0
1720.5 20.0
1680.5 20.0
1640.5 20.0
1600.5 20.0
1802.5 20.0
1762.5 20.0
1722.5 20.0
1682.5 20.0
1642.5 20.0
1602.5 20.0
1804.5 20.0
1764.5 20.0
1724.5 20.0
1684.5 20.0
1644.5 20.0
1604.5 20.0
1806.5 20.0
1766.5 20.0
1726.5 20.0
1686.5 20.0
1646.5 20.0
1606.5 20.0
1808.5 20.0
1768.5 20.0
1728.5 20.0
1688.5 20.0
1648.5 20.0
1608.5 20.0
1810.5 20.0
1770.5 20.0
1730.5 20.0
1690.5 20.0
1650.5 20.0
1610.5 20.0
1812.5 20.0
1772.5 20.0
1732.5 20.0
1692.5 20.0
1652.5 20.0
1612.5 20.0
1814.5 20.0
1774.5 20.0
1734.5 20.0
1694.5 20.0
1654.5 20.0
1614.5 20.0
1816.5 20.0
1776.5 20.0
1736.5 20.0
1696.5 20.0
1656.5 20.0
1616.5 20.0
1818.5 20.0
1778.5 20.0
1738.5 20.0
1698.5 20.0
1658.5 20.0
1618.5 20.0
1820.5 20.0
1780.5 20.0
1740.5 20.0
1700.5 20.0
1660.5 20.0
1620.5 20.0
1822.5 20.0
1782.5 20.0
1742.5 20.0
1702.5 20.0
1662.5 20.0
1622.5 20.0
1824.5 20.0
1784.5 20.0
1744.5 20.0
1704.5 20.0
1664.5 20.0
1624.5 20.0
1826.5 20.0
1786.5 20.0
1746.5 20.0
1706.5 20.0
1666.5 20.0
1626.5 20.0
1828.5 20.0
1788.5 20.0
1748.5 20.0
1708.5 20.0
1668.5 20.0
1628.5 20.0
1830.5 20.0
1790.5 20.0
1750.5 20.0
1710.5 20.0
1670.5 20.0
1630.5 20.0
1832.5 20.0
1792.5 20.0
1752.5 20.0
1712.5 20.0
1672.5 20.0
1632.5 20.0
1834.5 20.0
1794.5 20.0
1754.5 20.0
1714.5 20.0
1674.5 20.0
1634.5 20.0
1836.5 20.0
1796.5 20.0
1756.5 20.0
1716.5 20.0
1676.5 20.0
1636.5 20.0
1838.5 20.0
1798.5 20.0
1758.5 20.0
1718.5 20.0
1678.5 20.0
1638.5 20.0
1840.5 20.0
1800.5 20.0
1760.5 20.0
1720.5 20.0
1680.5 20.0
1640.5 20.0
1842.5 20.0
1802.5 20.0
1762.5 20.0
1722.5 20.0
1682.5 20.0
1642.5 20.0
1844.5 20.0
1804.5 20.0
1764.5 20.0
1724.5 20.0
1684.5 20.0
1644.5 20.0
1846.5 20.0
1806.5 20.0
1766.5 20.0
1726.5 20.0
1686.5 20.0
1646.5 20.0
1848.5 20.0
1808.5 20.0
1768.5 20.0
1728.5 20.0
1688.5 20.0
1648.5 20.0
1850.5 20.0
1810.5 20.0
1770.5 20.0
1730.5 20.0
1690.5 20.0
1650.5 20.0
1852.5 20.0
1812.5 20.0
1772.5 20.0
1732.5 20.0
1692.5 20.0
1652.5 20.0
1854.5 20.0
1814.5 20.0
1774.5 20.0
1734.5 20.0
1694.5 20.0
1654.5 20.0
1856.5 20.0
1816.5 20.0
1776.5 20.0
1736.5 20.0
1696.5 20.0
1656.5 20.0
1858.5 20.0
1818.5 20.0
1778.5 20.0
1738.5 20.0
1698.5 20.0
1658.5 20.0
1860.5 20.0
1820.5 20.0
1780.5 20.0
1740.5 20.0
1700.5 20.0
1660.5 20.0
1862.5 20.0
1822.5 20.0
1782.5 20.0
1742.5 20.0
1702.5 20.0
1662.5 20.0
1864.5 20.0
1824.5 20.0
1784.5 20.0
1744.5 20.0
1704.5 20.0
1664.5 20.0
1866.5 20.0
1826.5 20.0
1786.5 20.0
1746.5 20.0
1706.5 20.0
1666.5 20.0
1868.5 20.0
1828.5 20.0
1788.5 20.0
1748.5 20.0
1708.5 20.0
1668.5 20.0
1870.5 20.0
1830.5 20.0
1790.5 20.0
1750.5 20.0
1710.5 20.0
1670.5 20.0
1872.5 20.0
1832.5 20.0
1792.5 20.0
1752.5 20.0
1712.5 20.0
1672.5 20.0
1874.5 20.0
1834.5 20.0
1794.5 20.0
1754.5 20.0
1714.5 20.0
1674.5 20.0
1876.5 20.0
1836.5 20.0
1796.5 20.0
1756.5 20.0
1716.5 20.0
1676.5 20.0
1878.5 20.0
1838.5 20.0
1798.5 20.0
1758.5 20.0
1718.5 20.0
1678.5 20.0
1880.5 20.0
1840.5 20.0
1800.5 20.0
1760.5 20.0
1720.5 20.0
1680.5 20.0
1882.5 20.0
1842.5 20.0
1802.5 20.0
1762.5 20.0
1722.5 20.0
1682.5 20.0
1884.5 20.0
1844.5 20.0
1804.5 20.0
1764.5 20.0
1724.5 20.0
1684.5 20.0
1886.5 20.0
1846.5 20.0
1806.5 20.0
1766.5 20.0
1726.5 20.0
1686.5 20.0
1888.5 20.0
1848.5 20.0
1808.5 20.0
1768.5 20.0
1728.5 20.0
1688.5 20.0
1890.5 20.0
1850.5 20.0
1810.5 20.0
1770.5 20.0
1730.5 20.0
1690.5 20.0
1892.5 20.0
1852.5 20.0
1812.5 20.0
1772.5 20.0
1732.5 20.0
1692.5 20.0
1894.5 20.0
1854.5 20.0
1814.5 20.0
1774.5 20.0
1734.5 20.0
1694.5 20.0
1896.5 20.0
1856.5 20.0
1816.5 20.0
1776.5 20.0
1736.5 20.0
1696.5 20.0
1898.5 20.0
1858.5 20.0
1818.5 20.0
1778.5 20.0
1738.5 20.0
1698.5 20.0
