0	-0.0503885
0.1	0.393324
0.2	0.291493
0.3	0.641977
0.4	0.576132
0.5	0.813065
0.6	1.31026
0.7	1.21822
0.8	1.25471
0.9	1.36799
1	1.62512
1.1	1.93092
1.2	2.13386
1.3	2.25202
1.4	2.03437
1.5	2.22466
1.6	2.3276
1.7	2.52318
1.8	2.49812
1.9	2.38788
2	2.30412
2.1	2.6838
2.2	2.44
2.3	2.34318
2.4	2.68908
2.5	2.48137
2.6	2.6227
2.7	2.41698
2.8	2.46327
2.9	2.14146
3	2.14436
3.1	2.04618
3.2	1.95428
3.3	1.98718
3.4	2.07701
3.5	2.00316
3.6	1.66041
3.7	2.0222
3.8	1.52796
3.9	1.87578
4	1.55172
4.1	1.69634
4.2	1.43728
4.3	1.60888
4.4	1.748
4.5	1.61907
4.6	1.41917
4.7	1.70386
4.8	1.7087
4.9	1.64887
5	1.45888
5.1	1.62481
5.2	1.47242
5.3	1.54491
5.4	1.60583
5.5	1.75875
5.6	2.07231
5.7	1.89842
5.8	1.85471
5.9	2.06529
6	2.14628
6.1	2.39265
6.2	2.13463
6.3	2.2132
6.4	2.22836
6.5	2.3183
6.6	2.61651
6.7	2.65585
6.8	2.87117
6.9	2.95542
7	2.62829
7.1	2.65306
7.2	2.67457
7.3	2.79156
7.4	2.80351
7.5	2.67401
7.6	2.62963
7.7	2.8664
7.8	2.89803
7.9	2.63284
8	2.60796
8.1	2.46437
8.2	2.424
8.3	2.23549
8.4	2.02901
8.5	2.29426
8.6	2.16337
8.7	1.80564
8.8	1.50284
8.9	1.70122
9	1.51979
9.1	1.0792
9.2	0.995987
9.3	0.855702
9.4	0.719128
9.5	0.508802
9.6	0.254135
9.7	-0.138633
9.8	-0.112438
9.9	-0.119047
