-4	-4	0.400908	-0.0321098
-4	-3.8	0.396735	-0.0328247
-4	-3.6	0.392344	-0.033453
-4	-3.4	0.387739	-0.0339704
-4	-3.2	0.382927	-0.0343495
-4	-3	0.37792	-0.03456
-4	-2.8	0.37274	-0.0345684
-4	-2.6	0.367415	-0.0343394
-4	-2.4	0.361985	-0.0338363
-4	-2.2	0.3565	-0.0330226
-4	-2	0.351022	-0.031864
-4	-1.8	0.345626	-0.0303302
-4	-1.6	0.340397	-0.0283982
-4	-1.4	0.33543	-0.0260543
-4	-1.2	0.330829	-0.0232974
-4	-1	0.3267	-0.0201414
-4	-0.8	0.323147	-0.0166163
-4	-0.6	0.320268	-0.0127695
-4	-0.4	0.318145	-0.00866457
-4	-0.2	0.316845	-0.00437883
-4	1.27676e-15	0.316406	2.80537e-17
-4	0.2	0.316845	0.00437883
-4	0.4	0.318145	0.00866457
-4	0.6	0.320268	0.0127695
-4	0.8	0.323147	0.0166163
-4	1	0.3267	0.0201414
-4	1.2	0.330829	0.0232974
-4	1.4	0.33543	0.0260543
-4	1.6	0.340397	0.0283982
-4	1.8	0.345626	0.0303302
-4	2	0.351022	0.031864
-4	2.2	0.3565	0.0330226
-4	2.4	0.361985	0.0338363
-4	2.6	0.367415	0.0343394
-4	2.8	0.37274	0.0345684
-4	3	0.37792	0.03456
-4	3.2	0.382927	0.0343495
-4	3.4	0.387739	0.0339704
-4	3.6	0.392344	0.033453
-4	3.8	0.396735	0.0328247
-3.8	-4	0.400104	-0.0328247
-3.8	-3.8	0.395732	-0.033682
-3.8	-3.6	0.391111	-0.0344623
-3.8	-3.4	0.38624	-0.0351399
-3.8	-3.2	0.38112	-0.0356848
-3.8	-3	0.375763	-0.0360633
-3.8	-2.8	0.370186	-0.0362374
-3.8	-2.6	0.364417	-0.036166
-3.8	-2.4	0.358495	-0.0358054
-3.8	-2.2	0.352473	-0.0351112
-3.8	-2	0.346418	-0.03404
-3.8	-1.8	0.340413	-0.032552
-3.8	-1.6	0.334555	-0.0306149
-3.8	-1.4	0.328957	-0.0282068
-3.8	-1.2	0.323739	-0.0253205
-3.8	-1	0.319031	-0.0219666
-3.8	-0.8	0.314961	-0.0181762
-3.8	-0.6	0.311648	-0.014002
-3.8	-0.4	0.309199	-0.00951769
-3.8	-0.2	0.307695	-0.00481519
-3.8	1.27676e-15	0.307188	3.08606e-17
-3.8	0.2	0.307695	0.00481519
-3.8	0.4	0.309199	0.00951769
-3.8	0.6	0.311648	0.014002
-3.8	0.8	0.314961	0.0181762
-3.8	1	0.319031	0.0219666
-3.8	1.2	0.323739	0.0253205
-3.8	1.4	0.328957	0.0282068
-3.8	1.6	0.334555	0.0306149
-3.8	1.8	0.340413	0.032552
-3.8	2	0.346418	0.03404
-3.8	2.2	0.352473	0.0351112
-3.8	2.4	0.358495	0.0358054
-3.8	2.6	0.364417	0.036166
-3.8	2.8	0.370186	0.0362374
-3.8	3	0.375763	0.0360633
-3.8	3.2	0.38112	0.0356848
-3.8	3.4	0.38624	0.0351399
-3.8	3.6	0.391111	0.0344623
-3.8	3.8	0.395732	0.033682
-3.6	-4	0.399406	-0.033453
-3.6	-3.8	0.39484	-0.0344623
-3.6	-3.6	0.389988	-0.0354076
-3.6	-3.4	0.384845	-0.0362618
-3.6	-3.2	0.379409	-0.0369928
-3.6	-3	0.373686	-0.0375634
-3.6	-2.8	0.367689	-0.0379314
-3.6	-2.6	0.361443	-0.0380492
-3.6	-2.4	0.354986	-0.0378655
-3.6	-2.2	0.348372	-0.0373264
-3.6	-2	0.341673	-0.0363774
-3.6	-1.8	0.334979	-0.0349673
-3.6	-1.6	0.328401	-0.0330515
-3.6	-1.4	0.322069	-0.030597
-3.6	-1.2	0.316129	-0.0275876
-3.6	-1	0.310735	-0.0240284
-3.6	-0.8	0.306046	-0.0199502
-3.6	-0.6	0.302212	-0.0154112
-3.6	-0.4	0.299368	-0.0104969
-3.6	-0.2	0.297616	-0.00531724
-3.6	1.27676e-15	0.297025	3.40926e-17
-3.6	0.2	0.297616	0.00531724
-3.6	0.4	0.299368	0.0104969
-3.6	0.6	0.302212	0.0154112
-3.6	0.8	0.306046	0.0199502
-3.6	1	0.310735	0.0240284
-3.6	1.2	0.316129	0.0275876
-3.6	1.4	0.322069	0.030597
-3.6	1.6	0.328401	0.0330515
-3.6	1.8	0.334979	0.0349673
-3.6	2	0.341673	0.0363774
-3.6	2.2	0.348372	0.0373264
-3.6	2.4	0.354986	0.0378655
-3.6	2.6	0.361443	0.0380492
-3.6	2.8	0.367689	0.0379314
-3.6	3	0.373686	0.0375634
-3.6	3.2	0.379409	0.0369928
-3.6	3.4	0.384845	0.0362618
-3.6	3.6	0.389988	0.0354076
-3.6	3.8	0.39484	0.0344623
-3.4	-4	0.398829	-0.0339704
-3.4	-3.8	0.394073	-0.0351399
-3.4	-3.6	0.388993	-0.0362618
-3.4	-3.4	0.383578	-0.0373082
-3.4	-3.2	0.37782	-0.0382457
-3.4	-3	0.371718	-0.039034
-3.4	-2.8	0.36528	-0.0396261
-3.4	-2.6	0.358526	-0.0399685
-3.4	-2.4	0.351491	-0.0400011
-3.4	-2.2	0.344227	-0.0396592
-3.4	-2	0.336809	-0.0388756
-3.4	-1.8	0.329335	-0.0375844
-3.4	-1.6	0.321931	-0.0357254
-3.4	-1.4	0.314747	-0.0332507
-3.4	-1.2	0.307956	-0.0301311
-3.4	-1	0.301745	-0.0263629
-3.4	-0.8	0.296313	-0.0219745
-3.4	-0.6	0.291848	-0.0170292
-3.4	-0.4	0.288521	-0.0116264
-3.4	-0.2	0.286467	-0.00589795
-3.4	1.27676e-15	0.285772	3.78345e-17
-3.4	0.2	0.286467	0.00589795
-3.4	0.4	0.288521	0.0116264
-3.4	0.6	0.291848	0.0170292
-3.4	0.8	0.296313	0.0219745
-3.4	1	0.301745	0.0263629
-3.4	1.2	0.307956	0.0301311
-3.4	1.4	0.314747	0.0332507
-3.4	1.6	0.321931	0.0357254
-3.4	1.8	0.329335	0.0375844
-3.4	2	0.336809	0.0388756
-3.4	2.2	0.344227	0.0396592
-3.4	2.4	0.351491	0.0400011
-3.4	2.6	0.358526	0.0399685
-3.4	2.8	0.36528	0.0396261
-3.4	3	0.371718	0.039034
-3.4	3.2	0.37782	0.0382457
-3.4	3.4	0.383578	0.0373082
-3.4	3.6	0.388993	0.0362618
-3.4	3.8	0.394073	0.0351399
-3.2	-4	0.398384	-0.0343495
-3.2	-3.8	0.393445	-0.0356848
-3.2	-3.6	0.388144	-0.0369928
-3.2	-3.4	0.38246	-0.0382457
-3.2	-3.2	0.376378	-0.039409
-3.2	-3	0.36989	-0.0404403
-3.2	-2.8	0.362994	-0.0412887
-3.2	-2.6	0.355704	-0.041894
-3.2	-2.4	0.348047	-0.0421875
-3.2	-2.2	0.340073	-0.0420924
-3.2	-2	0.331857	-0.0415264
-3.2	-1.8	0.323504	-0.0404058
-3.2	-1.6	0.315153	-0.0386508
-3.2	-1.4	0.306977	-0.0361933
-3.2	-1.2	0.29918	-0.0329858
-3.2	-1	0.291994	-0.0290112
-3.2	-0.8	0.285662	-0.0242916
-3.2	-0.6	0.280426	-0.0188947
-3.2	-0.4	0.276506	-0.0129356
-3.2	-0.2	0.274077	-0.00657319
-3.2	1.27676e-15	0.273254	4.21902e-17
-3.2	0.2	0.274077	0.00657319
-3.2	0.4	0.276506	0.0129356
-3.2	0.6	0.280426	0.0188947
-3.2	0.8	0.285662	0.0242916
-3.2	1	0.291994	0.0290112
-3.2	1.2	0.29918	0.0329858
-3.2	1.4	0.306977	0.0361933
-3.2	1.6	0.315153	0.0386508
-3.2	1.8	0.323504	0.0404058
-3.2	2	0.331857	0.0415264
-3.2	2.2	0.340073	0.0420924
-3.2	2.4	0.348047	0.0421875
-3.2	2.6	0.355704	0.041894
-3.2	2.8	0.362994	0.0412887
-3.2	3	0.36989	0.0404403
-3.2	3.2	0.376378	0.039409
-3.2	3.4	0.38246	0.0382457
-3.2	3.6	0.388144	0.0369928
-3.2	3.8	0.393445	0.0356848
-3	-4	0.39808	-0.03456
-3	-3.8	0.392972	-0.0360633
-3	-3.6	0.387459	-0.0375634
-3	-3.4	0.381515	-0.039034
-3	-3.2	0.375113	-0.0404403
-3	-3	0.368236	-0.0417389
-3	-2.8	0.360871	-0.0428756
-3	-2.6	0.35302	-0.0437846
-3	-2.4	0.344702	-0.0443881
-3	-2.2	0.335958	-0.0445964
-3	-2	0.326861	-0.0443104
-3	-1.8	0.31752	-0.0434248
-3	-1.6	0.308085	-0.0418352
-3	-1.4	0.298753	-0.039447
-3	-1.2	0.289767	-0.0361872
-3	-1	0.281408	-0.0320181
-3	-0.8	0.273981	-0.0269503
-3	-0.6	0.267796	-0.0210533
-3	-0.4	0.263139	-0.0144599
-3	-0.2	0.260242	-0.00736237
-3	1.27676e-15	0.259259	4.72873e-17
-3	0.2	0.260242	0.00736237
-3	0.4	0.263139	0.0144599
-3	0.6	0.267796	0.0210533
-3	0.8	0.273981	0.0269503
-3	1	0.281408	0.0320181
-3	1.2	0.289767	0.0361872
-3	1.4	0.298753	0.039447
-3	1.6	0.308085	0.0418352
-3	1.8	0.31752	0.0434248
-3	2	0.326861	0.0443104
-3	2.2	0.335958	0.0445964
-3	2.4	0.344702	0.0443881
-3	2.6	0.35302	0.0437846
-3	2.8	0.360871	0.0428756
-3	3	0.368236	0.0417389
-3	3.2	0.375113	0.0404403
-3	3.4	0.381515	0.039034
-3	3.6	0.387459	0.0375634
-3	3.8	0.392972	0.0360633
-2.8	-4	0.397925	-0.0345684
-2.8	-3.8	0.392664	-0.0362374
-2.8	-3.6	0.386956	-0.0379314
-2.8	-3.4	0.380764	-0.0396261
-2.8	-3.2	0.374054	-0.0412887
-2.8	-3	0.366792	-0.0428756
-2.8	-2.8	0.358954	-0.0443311
-2.8	-2.6	0.350526	-0.0455847
-2.8	-2.4	0.341513	-0.0465504
-2.8	-2.2	0.331943	-0.0471256
-2.8	-2	0.321881	-0.0471921
-2.8	-1.8	0.311433	-0.0466201
-2.8	-1.6	0.30076	-0.0452745
-2.8	-1.4	0.290083	-0.0430264
-2.8	-1.2	0.279687	-0.0397677
-2.8	-1	0.269913	-0.0354303
-2.8	-0.8	0.261146	-0.0300048
-2.8	-0.6	0.253784	-0.023558
-2.8	-0.4	0.248204	-0.0162414
-2.8	-0.2	0.244718	-0.00828881
-2.8	1.27676e-15	0.243531	5.32799e-17
-2.8	0.2	0.244718	0.00828881
-2.8	0.4	0.248204	0.0162414
-2.8	0.6	0.253784	0.023558
-2.8	0.8	0.261146	0.0300048
-2.8	1	0.269913	0.0354303
-2.8	1.2	0.279687	0.0397677
-2.8	1.4	0.290083	0.0430264
-2.8	1.6	0.30076	0.0452745
-2.8	1.8	0.311433	0.0466201
-2.8	2	0.321881	0.0471921
-2.8	2.2	0.331943	0.0471256
-2.8	2.4	0.341513	0.0465504
-2.8	2.6	0.350526	0.0455847
-2.8	2.8	0.358954	0.0443311
-2.8	3	0.366792	0.0428756
-2.8	3.2	0.374054	0.0412887
-2.8	3.4	0.380764	0.0396261
-2.8	3.6	0.386956	0.0379314
-2.8	3.8	0.392664	0.0362374
-2.6	-4	0.397924	-0.0343394
-2.6	-3.8	0.392529	-0.036166
-2.6	-3.6	0.386647	-0.0380492
-2.6	-3.4	0.380229	-0.0399685
-2.6	-3.2	0.373227	-0.041894
-2.6	-3	0.365594	-0.0437846
-2.6	-2.8	0.357289	-0.0455847
-2.6	-2.6	0.348277	-0.0472216
-2.6	-2.4	0.338545	-0.0486024
-2.6	-2.2	0.3281	-0.0496122
-2.6	-2	0.31699	-0.0501134
-2.6	-1.8	0.305314	-0.0499482
-2.6	-1.6	0.293236	-0.048945
-2.6	-1.4	0.280997	-0.0469309
-2.6	-1.2	0.268928	-0.0437506
-2.6	-1	0.257443	-0.0392914
-2.6	-0.8	0.247025	-0.0335116
-2.6	-0.6	0.238192	-0.0264672
-2.6	-0.4	0.231446	-0.0183283
-2.6	-0.2	0.227208	-0.00937973
-2.6	1.27676e-15	0.225762	6.03488e-17
-2.6	0.2	0.227208	0.00937973
-2.6	0.4	0.231446	0.0183283
-2.6	0.6	0.238192	0.0264672
-2.6	0.8	0.247025	0.0335116
-2.6	1	0.257443	0.0392914
-2.6	1.2	0.268928	0.0437506
-2.6	1.4	0.280997	0.0469309
-2.6	1.6	0.293236	0.048945
-2.6	1.8	0.305314	0.0499482
-2.6	2	0.31699	0.0501134
-2.6	2.2	0.3281	0.0496122
-2.6	2.4	0.338545	0.0486024
-2.6	2.6	0.348277	0.0472216
-2.6	2.8	0.357289	0.0455847
-2.6	3	0.365594	0.0437846
-2.6	3.2	0.373227	0.041894
-2.6	3.4	0.380229	0.0399685
-2.6	3.6	0.386647	0.0380492
-2.6	3.8	0.392529	0.036166
-2.4	-4	0.398077	-0.0338363
-2.4	-3.8	0.392573	-0.0358054
-2.4	-3.6	0.386541	-0.0378655
-2.4	-3.4	0.379923	-0.0400011
-2.4	-3.2	0.372656	-0.0421875
-2.4	-3	0.364677	-0.0443881
-2.4	-2.8	0.355921	-0.0465504
-2.4	-2.6	0.346333	-0.0486024
-2.4	-2.4	0.33587	-0.0504473
-2.4	-2.2	0.324514	-0.0519603
-2.4	-2	0.312284	-0.0529849
-2.4	-1.8	0.299259	-0.0533333
-2.4	-1.6	0.285596	-0.0527917
-2.4	-1.4	0.271551	-0.0511324
-2.4	-1.2	0.2575	-0.0481376
-2.4	-1	0.243942	-0.0436313
-2.4	-0.8	0.231484	-0.0375212
-2.4	-0.6	0.220803	-0.0298391
-2.4	-0.4	0.21257	-0.0207713
-2.4	-0.2	0.207366	-0.0106646
-2.4	1.27676e-15	0.205584	6.86912e-17
-2.4	0.2	0.207366	0.0106646
-2.4	0.4	0.21257	0.0207713
-2.4	0.6	0.220803	0.0298391
-2.4	0.8	0.231484	0.0375212
-2.4	1	0.243942	0.0436313
-2.4	1.2	0.2575	0.0481376
-2.4	1.4	0.271551	0.0511324
-2.4	1.6	0.285596	0.0527917
-2.4	1.8	0.299259	0.0533333
-2.4	2	0.312284	0.0529849
-2.4	2.2	0.324514	0.0519603
-2.4	2.4	0.33587	0.0504473
-2.4	2.6	0.346333	0.0486024
-2.4	2.8	0.355921	0.0465504
-2.4	3	0.364677	0.0443881
-2.4	3.2	0.372656	0.0421875
-2.4	3.4	0.379923	0.0400011
-2.4	3.6	0.386541	0.0378655
-2.4	3.8	0.392573	0.0358054
-2.2	-4	0.398378	-0.0330226
-2.2	-3.8	0.392792	-0.0351112
-2.2	-3.6	0.386641	-0.0373264
-2.2	-3.4	0.379856	-0.0396592
-2.2	-3.2	0.37236	-0.0420924
-2.2	-3	0.364068	-0.0445964
-2.2	-2.8	0.354894	-0.0471256
-2.2	-2.6	0.344753	-0.0496122
-2.2	-2.4	0.333567	-0.0519603
-2.2	-2.2	0.321281	-0.0540391
-2.2	-2	0.307874	-0.0556762
-2.2	-1.8	0.293389	-0.0566541
-2.2	-1.6	0.277959	-0.056712
-2.2	-1.4	0.261841	-0.0555569
-2.2	-1.2	0.245452	-0.0528896
-2.2	-1	0.229383	-0.048447
-2.2	-0.8	0.214399	-0.0420601
-2.2	-0.6	0.201382	-0.0337168
-2.2	-0.4	0.191244	-0.0236129
-2.2	-0.2	0.184788	-0.0121693
-2.2	1.27676e-15	0.182569	7.84838e-17
-2.2	0.2	0.184788	0.0121693
-2.2	0.4	0.191244	0.0236129
-2.2	0.6	0.201382	0.0337168
-2.2	0.8	0.214399	0.0420601
-2.2	1	0.229383	0.048447
-2.2	1.2	0.245452	0.0528896
-2.2	1.4	0.261841	0.0555569
-2.2	1.6	0.277959	0.056712
-2.2	1.8	0.293389	0.0566541
-2.2	2	0.307874	0.0556762
-2.2	2.2	0.321281	0.0540391
-2.2	2.4	0.333567	0.0519603
-2.2	2.6	0.344753	0.0496122
-2.2	2.8	0.354894	0.0471256
-2.2	3	0.364068	0.0445964
-2.2	3.2	0.37236	0.0420924
-2.2	3.4	0.379856	0.0396592
-2.2	3.6	0.386641	0.0373264
-2.2	3.8	0.392792	0.0351112
-2	-4	0.398818	-0.031864
-2	-3.8	0.393178	-0.03404
-2	-3.6	0.386943	-0.0363774
-2	-3.4	0.380029	-0.0388756
-2	-3.2	0.372345	-0.0415264
-2	-3	0.363787	-0.0443104
-2	-2.8	0.354241	-0.0471921
-2	-2.6	0.343589	-0.0501134
-2	-2.4	0.331712	-0.0529849
-2	-2.2	0.318503	-0.0556762
-2	-2	0.303888	-0.0580049
-2	-1.8	0.287852	-0.0597272
-2	-1.6	0.27048	-0.0605336
-2	-1.4	0.252009	-0.0600559
-2	-1.2	0.23288	-0.0578933
-2	-1	0.213783	-0.0536656
-2	-0.8	0.195671	-0.0470931
-2	-0.6	0.179703	-0.0380922
-2	-0.4	0.167118	-0.0268581
-2	-0.2	0.159038	-0.0138999
-2	1.27676e-15	0.15625	8.97719e-17
-2	0.2	0.159038	0.0138999
-2	0.4	0.167118	0.0268581
-2	0.6	0.179703	0.0380922
-2	0.8	0.195671	0.0470931
-2	1	0.213783	0.0536656
-2	1.2	0.23288	0.0578933
-2	1.4	0.252009	0.0600559
-2	1.6	0.27048	0.0605336
-2	1.8	0.287852	0.0597272
-2	2	0.303888	0.0580049
-2	2.2	0.318503	0.0556762
-2	2.4	0.331712	0.0529849
-2	2.6	0.343589	0.0501134
-2	2.8	0.354241	0.0471921
-2	3	0.363787	0.0443104
-2	3.2	0.372345	0.0415264
-2	3.4	0.380029	0.0388756
-2	3.6	0.386943	0.0363774
-2	3.8	0.393178	0.03404
-1.8	-4	0.399378	-0.0303302
-1.8	-3.8	0.393715	-0.032552
-1.8	-3.6	0.38743	-0.0349673
-1.8	-3.4	0.38043	-0.0375844
-1.8	-3.2	0.372608	-0.0404058
-1.8	-3	0.363839	-0.0434248
-1.8	-2.8	0.353983	-0.0466201
-1.8	-2.6	0.342882	-0.0499482
-1.8	-2.4	0.33037	-0.0533333
-1.8	-2.2	0.31628	-0.0566541
-1.8	-2	0.300461	-0.0597272
-1.8	-1.8	0.282818	-0.0622901
-1.8	-1.6	0.263355	-0.0639875
-1.8	-1.4	0.242251	-0.0643684
-1.8	-1.2	0.219945	-0.0629098
-1.8	-1	0.197224	-0.0590791
-1.8	-0.8	0.175265	-0.0524453
-1.8	-0.6	0.15559	-0.0428225
-1.8	-0.4	0.139888	-0.0304003
-1.8	-0.2	0.129722	-0.0157973
-1.8	1.27676e-15	0.1262	1.02164e-16
-1.8	0.2	0.129722	0.0157973
-1.8	0.4	0.139888	0.0304003
-1.8	0.6	0.15559	0.0428225
-1.8	0.8	0.175265	0.0524453
-1.8	1	0.197224	0.0590791
-1.8	1.2	0.219945	0.0629098
-1.8	1.4	0.242251	0.0643684
-1.8	1.6	0.263355	0.0639875
-1.8	1.8	0.282818	0.0622901
-1.8	2	0.300461	0.0597272
-1.8	2.2	0.31628	0.0566541
-1.8	2.4	0.33037	0.0533333
-1.8	2.6	0.342882	0.0499482
-1.8	2.8	0.353983	0.0466201
-1.8	3	0.363839	0.0434248
-1.8	3.2	0.372608	0.0404058
-1.8	3.4	0.38043	0.0375844
-1.8	3.6	0.38743	0.0349673
-1.8	3.8	0.393715	0.032552
-1.6	-4	0.400033	-0.0283982
-1.6	-3.8	0.394375	-0.0306149
-1.6	-3.6	0.388077	-0.0330515
-1.6	-3.4	0.381036	-0.0357254
-1.6	-3.2	0.373129	-0.0386508
-1.6	-3	0.364213	-0.0418352
-1.6	-2.8	0.354119	-0.0452745
-1.6	-2.6	0.342651	-0.048945
-1.6	-2.4	0.329589	-0.0527917
-1.6	-2.2	0.314693	-0.056712
-1.6	-2	0.297721	-0.0605336
-1.6	-1.8	0.278463	-0.0639875
-1.6	-1.6	0.256803	-0.0666797
-1.6	-1.4	0.232809	-0.0680732
-1.6	-1.2	0.206875	-0.0675
-1.6	-1	0.179866	-0.0642342
-1.6	-0.8	0.153235	-0.0576486
-1.6	-0.6	0.128989	-0.0474402
-1.6	-0.4	0.109433	-0.0338312
-1.6	-0.2	0.0967036	-0.0176144
-1.6	1.27676e-15	0.0922852	1.13968e-16
-1.6	0.2	0.0967036	0.0176144
-1.6	0.4	0.109433	0.0338312
-1.6	0.6	0.128989	0.0474402
-1.6	0.8	0.153235	0.0576486
-1.6	1	0.179866	0.0642342
-1.6	1.2	0.206875	0.0675
-1.6	1.4	0.232809	0.0680732
-1.6	1.6	0.256803	0.0666797
-1.6	1.8	0.278463	0.0639875
-1.6	2	0.297721	0.0605336
-1.6	2.2	0.314693	0.056712
-1.6	2.4	0.329589	0.0527917
-1.6	2.6	0.342651	0.048945
-1.6	2.8	0.354119	0.0452745
-1.6	3	0.364213	0.0418352
-1.6	3.2	0.373129	0.0386508
-1.6	3.4	0.381036	0.0357254
-1.6	3.6	0.388077	0.0330515
-1.6	3.8	0.394375	0.0306149
-1.4	-4	0.400752	-0.0260543
-1.4	-3.8	0.395126	-0.0282068
-1.4	-3.6	0.388848	-0.030597
-1.4	-3.4	0.381808	-0.0332507
-1.4	-3.2	0.37387	-0.0361933
-1.4	-3	0.364873	-0.039447
-1.4	-2.8	0.354623	-0.0430264
-1.4	-2.6	0.342884	-0.0469309
-1.4	-2.4	0.32938	-0.0511324
-1.4	-2.2	0.31379	-0.0555569
-1.4	-2	0.295764	-0.0600559
-1.4	-1.8	0.274946	-0.0643684
-1.4	-1.6	0.251043	-0.0680732
-1.4	-1.4	0.223947	-0.0705432
-1.4	-1.2	0.193933	-0.070934
-1.4	-1	0.161922	-0.0682631
-1.4	-0.8	0.129731	-0.0616504
-1.4	-0.6	0.100084	-0.0507183
-1.4	-0.4	0.0761578	-0.0359416
-1.4	-0.2	0.0607099	-0.0185616
-1.4	1.27676e-15	0.0553936	1.19646e-16
-1.4	0.2	0.0607099	0.0185616
-1.4	0.4	0.0761578	0.0359416
-1.4	0.6	0.100084	0.0507183
-1.4	0.8	0.129731	0.0616504
-1.4	1	0.161922	0.0682631
-1.4	1.2	0.193933	0.070934
-1.4	1.4	0.223947	0.0705432
-1.4	1.6	0.251043	0.0680732
-1.4	1.8	0.274946	0.0643684
-1.4	2	0.295764	0.0600559
-1.4	2.2	0.31379	0.0555569
-1.4	2.4	0.32938	0.0511324
-1.4	2.6	0.342884	0.0469309
-1.4	2.8	0.354623	0.0430264
-1.4	3	0.364873	0.039447
-1.4	3.2	0.37387	0.0361933
-1.4	3.4	0.381808	0.0332507
-1.4	3.6	0.388848	0.030597
-1.4	3.8	0.395126	0.0282068
-1.2	-4	0.401498	-0.0232974
-1.2	-3.8	0.395925	-0.0253205
-1.2	-3.6	0.389695	-0.0275876
-1.2	-3.4	0.382692	-0.0301311
-1.2	-3.2	0.374773	-0.0329858
-1.2	-3	0.36576	-0.0361872
-1.2	-2.8	0.355435	-0.0397677
-1.2	-2.6	0.343528	-0.0437506
-1.2	-2.4	0.329707	-0.0481376
-1.2	-2.2	0.313567	-0.0528896
-1.2	-2	0.294632	-0.0578933
-1.2	-1.8	0.27237	-0.0629098
-1.2	-1.6	0.24625	-0.0675
-1.2	-1.4	0.215889	-0.070934
-1.2	-1.2	0.181331	-0.0721224
-1.2	-1	0.14352	-0.0696788
-1.2	-0.8	0.104848	-0.0623115
-1.2	-0.6	0.0693499	-0.0496904
-1.2	-0.4	0.0417168	-0.0333521
-1.2	-0.2	0.0250562	-0.0162117
-1.2	1.27676e-15	0.0196759	1.01594e-16
-1.2	0.2	0.0250562	0.0162117
-1.2	0.4	0.0417168	0.0333521
-1.2	0.6	0.0693499	0.0496904
-1.2	0.8	0.104848	0.0623115
-1.2	1	0.14352	0.0696788
-1.2	1.2	0.181331	0.0721224
-1.2	1.4	0.215889	0.070934
-1.2	1.6	0.24625	0.0675
-1.2	1.8	0.27237	0.0629098
-1.2	2	0.294632	0.0578933
-1.2	2.2	0.313567	0.0528896
-1.2	2.4	0.329707	0.0481376
-1.2	2.6	0.343528	0.0437506
-1.2	2.8	0.355435	0.0397677
-1.2	3	0.36576	0.0361872
-1.2	3.2	0.374773	0.0329858
-1.2	3.4	0.382692	0.0301311
-1.2	3.6	0.389695	0.0275876
-1.2	3.8	0.395925	0.0253205
-1	-4	0.40223	-0.0201414
-1	-3.8	0.396724	-0.0219666
-1	-3.6	0.390562	-0.0240284
-1	-3.4	0.383626	-0.0263629
-1	-3.2	0.375764	-0.0290112
-1	-3	0.366789	-0.0320181
-1	-2.8	0.356464	-0.0354303
-1	-2.6	0.344488	-0.0392914
-1	-2.4	0.330478	-0.0436313
-1	-2.2	0.313945	-0.048447
-1	-2	0.294282	-0.0536656
-1	-1.8	0.270745	-0.0590791
-1	-1.6	0.242495	-0.0642342
-1	-1.4	0.208731	-0.0682631
-1	-1.2	0.169069	-0.0696788
-1	-1	0.12435	-0.0662913
-1	-0.8	0.0779778	-0.0557432
-1	-0.6	0.0370391	-0.0375524
-1	-0.4	0.0103693	-0.0165602
-1	-0.2	0.000824963	-0.00271981
-1	0.2	0.000824963	0.00271981
-1	0.4	0.0103693	0.0165602
-1	0.6	0.0370391	0.0375524
-1	0.8	0.0779778	0.0557432
-1	1	0.12435	0.0662913
-1	1.2	0.169069	0.0696788
-1	1.4	0.208731	0.0682631
-1	1.6	0.242495	0.0642342
-1	1.8	0.270745	0.0590791
-1	2	0.294282	0.0536656
-1	2.2	0.313945	0.048447
-1	2.4	0.330478	0.0436313
-1	2.6	0.344488	0.0392914
-1	2.8	0.356464	0.0354303
-1	3	0.366789	0.0320181
-1	3.2	0.375764	0.0290112
-1	3.4	0.383626	0.0263629
-1	3.6	0.390562	0.0240284
-1	3.8	0.396724	0.0219666
-0.8	-4	0.402906	-0.0166163
-0.8	-3.8	0.397471	-0.0181762
-0.8	-3.6	0.391388	-0.0199502
-0.8	-3.4	0.384534	-0.0219745
-0.8	-3.2	0.376755	-0.0242916
-0.8	-3	0.367858	-0.0269503
-0.8	-2.8	0.35759	-0.0300048
-0.8	-2.6	0.345626	-0.0335116
-0.8	-2.4	0.331541	-0.0375212
-0.8	-2.2	0.314769	-0.0420601
-0.8	-2	0.294567	-0.0470931
-0.8	-1.8	0.269958	-0.0524453
-0.8	-1.6	0.239708	-0.0576486
-0.8	-1.4	0.20239	-0.0616504
-0.8	-1.2	0.156774	-0.0623115
-0.8	-1	0.103062	-0.0557432
-0.8	-0.8	0.0459739	-0.036253
-0.8	0.8	0.0459739	0.036253
-0.8	1	0.103062	0.0557432
-0.8	1.2	0.156774	0.0623115
-0.8	1.4	0.20239	0.0616504
-0.8	1.6	0.239708	0.0576486
-0.8	1.8	0.269958	0.0524453
-0.8	2	0.294567	0.0470931
-0.8	2.2	0.314769	0.0420601
-0.8	2.4	0.331541	0.0375212
-0.8	2.6	0.345626	0.0335116
-0.8	2.8	0.35759	0.0300048
-0.8	3	0.367858	0.0269503
-0.8	3.2	0.376755	0.0242916
-0.8	3.4	0.384534	0.0219745
-0.8	3.6	0.391388	0.0199502
-0.8	3.8	0.397471	0.0181762
-0.6	-4	0.403483	-0.0127695
-0.6	-3.8	0.398117	-0.014002
-0.6	-3.6	0.392111	-0.0154112
-0.6	-3.4	0.385342	-0.0170292
-0.6	-3.2	0.377655	-0.0188947
-0.6	-3	0.368852	-0.0210533
-0.6	-2.8	0.358673	-0.023558
-0.6	-2.6	0.346776	-0.0264672
-0.6	-2.4	0.332699	-0.0298391
-0.6	-2.2	0.315815	-0.0337168
-0.6	-2	0.29525	-0.0380922
-0.6	-1.8	0.269783	-0.0428225
-0.6	-1.6	0.237706	-0.0474402
-0.6	-1.4	0.196691	-0.0507183
-0.6	-1.2	0.143885	-0.0496904
-0.6	-1	0.077095	-0.0375524
-0.6	0.8	2.13163e-16	1.59872e-16
-0.6	1	0.077095	0.0375524
-0.6	1.2	0.143885	0.0496904
-0.6	1.4	0.196691	0.0507183
-0.6	1.6	0.237706	0.0474402
-0.6	1.8	0.269783	0.0428225
-0.6	2	0.29525	0.0380922
-0.6	2.2	0.315815	0.0337168
-0.6	2.4	0.332699	0.0298391
-0.6	2.6	0.346776	0.0264672
-0.6	2.8	0.358673	0.023558
-0.6	3	0.368852	0.0210533
-0.6	3.2	0.377655	0.0188947
-0.6	3.4	0.385342	0.0170292
-0.6	3.6	0.392111	0.0154112
-0.6	3.8	0.398117	0.014002
-0.4	-4	0.403925	-0.00866457
-0.4	-3.8	0.398615	-0.00951769
-0.4	-3.6	0.392674	-0.0104969
-0.4	-3.4	0.385978	-0.0116264
-0.4	-3.2	0.378373	-0.0129356
-0.4	-3	0.36966	-0.0144599
-0.4	-2.8	0.359573	-0.0162414
-0.4	-2.6	0.34776	-0.0183283
-0.4	-2.4	0.333736	-0.0207713
-0.4	-2.2	0.316821	-0.0236129
-0.4	-2	0.296037	-0.0268581
-0.4	-1.8	0.269934	-0.0304003
-0.4	-1.6	0.2363	-0.0338312
-0.4	-1.4	0.191684	-0.0359416
-0.4	-1.2	0.130656	-0.0333521
-0.4	-1	0.0451458	-0.0165602
-0.4	1	0.0451458	0.0165602
-0.4	1.2	0.130656	0.0333521
-0.4	1.4	0.191684	0.0359416
-0.4	1.6	0.2363	0.0338312
-0.4	1.8	0.269934	0.0304003
-0.4	2	0.296037	0.0268581
-0.4	2.2	0.316821	0.0236129
-0.4	2.4	0.333736	0.0207713
-0.4	2.6	0.34776	0.0183283
-0.4	2.8	0.359573	0.0162414
-0.4	3	0.36966	0.0144599
-0.4	3.2	0.378373	0.0129356
-0.4	3.4	0.385978	0.0116264
-0.4	3.6	0.392674	0.0104969
-0.4	3.8	0.398615	0.00951769
-0.2	-4	0.404202	-0.00437883
-0.2	-3.8	0.39893	-0.00481519
-0.2	-3.6	0.393031	-0.00531724
-0.2	-3.4	0.386385	-0.00589795
-0.2	-3.2	0.378837	-0.00657319
-0.2	-3	0.370187	-0.00736237
-0.2	-2.8	0.360169	-0.00828881
-0.2	-2.6	0.348423	-0.00937973
-0.2	-2.4	0.334452	-0.0106646
-0.2	-2.2	0.317544	-0.0121693
-0.2	-2	0.296647	-0.0138999
-0.2	-1.8	0.270143	-0.0157973
-0.2	-1.6	0.235417	-0.0176144
-0.2	-1.4	0.187989	-0.0185616
-0.2	-1.2	0.119625	-0.0162117
-0.2	-1	0.01388	-0.00271981
-0.2	1	0.01388	0.00271981
-0.2	1.2	0.119625	0.0162117
-0.2	1.4	0.187989	0.0185616
-0.2	1.6	0.235417	0.0176144
-0.2	1.8	0.270143	0.0157973
-0.2	2	0.296647	0.0138999
-0.2	2.2	0.317544	0.0121693
-0.2	2.4	0.334452	0.0106646
-0.2	2.6	0.348423	0.00937973
-0.2	2.8	0.360169	0.00828881
-0.2	3	0.370187	0.00736237
-0.2	3.2	0.378837	0.00657319
-0.2	3.4	0.386385	0.00589795
-0.2	3.6	0.393031	0.00531724
-0.2	3.8	0.39893	0.00481519
1.27676e-15	-4	0.404297	2.48974e-17
1.27676e-15	-3.8	0.399038	2.6019e-17
1.27676e-15	-3.6	0.393154	2.72312e-17
1.27676e-15	-3.4	0.386526	2.8541e-17
1.27676e-15	-3.2	0.378998	5.34344e-17
1.27676e-15	-3	0.37037	5.61468e-17
1.27676e-15	-2.8	0.360377	5.90447e-17
1.27676e-15	-2.6	0.348657	6.21014e-17
1.27676e-15	-2.4	0.334708	6.52488e-17
1.27676e-15	-2.2	0.317806	6.8338e-17
1.27676e-15	-2	0.296875	1.02286e-16
1.27676e-15	-1.8	0.270233	1.04765e-16
1.27676e-15	-1.6	0.235107	1.03884e-16
1.27676e-15	-1.4	0.186589	1.24558e-16
1.27676e-15	-1.2	0.115162	1.11858e-16
1.27676e-15	1	9.99201e-16	-1.17052e-30
1.27676e-15	1.2	0.115162	-1.11858e-16
1.27676e-15	1.4	0.186589	-1.24558e-16
1.27676e-15	1.6	0.235107	-1.03884e-16
1.27676e-15	1.8	0.270233	-1.04765e-16
1.27676e-15	2	0.296875	-1.02286e-16
1.27676e-15	2.2	0.317806	-6.8338e-17
1.27676e-15	2.4	0.334708	-6.52488e-17
1.27676e-15	2.6	0.348657	-6.21014e-17
1.27676e-15	2.8	0.360377	-5.90447e-17
1.27676e-15	3	0.37037	-5.61468e-17
1.27676e-15	3.2	0.378998	-5.34344e-17
1.27676e-15	3.4	0.386526	-2.8541e-17
1.27676e-15	3.6	0.393154	-2.72312e-17
1.27676e-15	3.8	0.399038	-2.6019e-17
0.2	-4	0.404202	0.00437883
0.2	-3.8	0.39893	0.00481519
0.2	-3.6	0.393031	0.00531724
0.2	-3.4	0.386385	0.00589795
0.2	-3.2	0.378837	0.00657319
0.2	-3	0.370187	0.00736237
0.2	-2.8	0.360169	0.00828881
0.2	-2.6	0.348423	0.00937973
0.2	-2.4	0.334452	0.0106646
0.2	-2.2	0.317544	0.0121693
0.2	-2	0.296647	0.0138999
0.2	-1.8	0.270143	0.0157973
0.2	-1.6	0.235417	0.0176144
0.2	-1.4	0.187989	0.0185616
0.2	-1.2	0.119625	0.0162117
0.2	-1	0.01388	0.00271981
0.2	1	0.01388	-0.00271981
0.2	1.2	0.119625	-0.0162117
0.2	1.4	0.187989	-0.0185616
0.2	1.6	0.235417	-0.0176144
0.2	1.8	0.270143	-0.0157973
0.2	2	0.296647	-0.0138999
0.2	2.2	0.317544	-0.0121693
0.2	2.4	0.334452	-0.0106646
0.2	2.6	0.348423	-0.00937973
0.2	2.8	0.360169	-0.00828881
0.2	3	0.370187	-0.00736237
0.2	3.2	0.378837	-0.00657319
0.2	3.4	0.386385	-0.00589795
0.2	3.6	0.393031	-0.00531724
0.2	3.8	0.39893	-0.00481519
0.4	-4	0.403925	0.00866457
0.4	-3.8	0.398615	0.00951769
0.4	-3.6	0.392674	0.0104969
0.4	-3.4	0.385978	0.0116264
0.4	-3.2	0.378373	0.0129356
0.4	-3	0.36966	0.0144599
0.4	-2.8	0.359573	0.0162414
0.4	-2.6	0.34776	0.0183283
0.4	-2.4	0.333736	0.0207713
0.4	-2.2	0.316821	0.0236129
0.4	-2	0.296037	0.0268581
0.4	-1.8	0.269934	0.0304003
0.4	-1.6	0.2363	0.0338312
0.4	-1.4	0.191684	0.0359416
0.4	-1.2	0.130656	0.0333521
0.4	-1	0.0451458	0.0165602
0.4	1	0.0451458	-0.0165602
0.4	1.2	0.130656	-0.0333521
0.4	1.4	0.191684	-0.0359416
0.4	1.6	0.2363	-0.0338312
0.4	1.8	0.269934	-0.0304003
0.4	2	0.296037	-0.0268581
0.4	2.2	0.316821	-0.0236129
0.4	2.4	0.333736	-0.0207713
0.4	2.6	0.34776	-0.0183283
0.4	2.8	0.359573	-0.0162414
0.4	3	0.36966	-0.0144599
0.4	3.2	0.378373	-0.0129356
0.4	3.4	0.385978	-0.0116264
0.4	3.6	0.392674	-0.0104969
0.4	3.8	0.398615	-0.00951769
0.6	-4	0.403483	0.0127695
0.6	-3.8	0.398117	0.014002
0.6	-3.6	0.392111	0.0154112
0.6	-3.4	0.385342	0.0170292
0.6	-3.2	0.377655	0.0188947
0.6	-3	0.368852	0.0210533
0.6	-2.8	0.358673	0.023558
0.6	-2.6	0.346776	0.0264672
0.6	-2.4	0.332699	0.0298391
0.6	-2.2	0.315815	0.0337168
0.6	-2	0.29525	0.0380922
0.6	-1.8	0.269783	0.0428225
0.6	-1.6	0.237706	0.0474402
0.6	-1.4	0.196691	0.0507183
0.6	-1.2	0.143885	0.0496904
0.6	-1	0.077095	0.0375524
0.6	0.8	8.52651e-16	-6.39488e-16
0.6	1	0.077095	-0.0375524
0.6	1.2	0.143885	-0.0496904
0.6	1.4	0.196691	-0.0507183
0.6	1.6	0.237706	-0.0474402
0.6	1.8	0.269783	-0.0428225
0.6	2	0.29525	-0.0380922
0.6	2.2	0.315815	-0.0337168
0.6	2.4	0.332699	-0.0298391
0.6	2.6	0.346776	-0.0264672
0.6	2.8	0.358673	-0.023558
0.6	3	0.368852	-0.0210533
0.6	3.2	0.377655	-0.0188947
0.6	3.4	0.385342	-0.0170292
0.6	3.6	0.392111	-0.0154112
0.6	3.8	0.398117	-0.014002
0.8	-4	0.402906	0.0166163
0.8	-3.8	0.397471	0.0181762
0.8	-3.6	0.391388	0.0199502
0.8	-3.4	0.384534	0.0219745
0.8	-3.2	0.376755	0.0242916
0.8	-3	0.367858	0.0269503
0.8	-2.8	0.35759	0.0300048
0.8	-2.6	0.345626	0.0335116
0.8	-2.4	0.331541	0.0375212
0.8	-2.2	0.314769	0.0420601
0.8	-2	0.294567	0.0470931
0.8	-1.8	0.269958	0.0524453
0.8	-1.6	0.239708	0.0576486
0.8	-1.4	0.20239	0.0616504
0.8	-1.2	0.156774	0.0623115
0.8	-1	0.103062	0.0557432
0.8	-0.8	0.0459739	0.036253
0.8	-0.6	1.19904e-16	1.59872e-16
0.8	0.6	4.79616e-16	-6.39488e-16
0.8	0.8	0.0459739	-0.036253
0.8	1	0.103062	-0.0557432
0.8	1.2	0.156774	-0.0623115
0.8	1.4	0.20239	-0.0616504
0.8	1.6	0.239708	-0.0576486
0.8	1.8	0.269958	-0.0524453
0.8	2	0.294567	-0.0470931
0.8	2.2	0.314769	-0.0420601
0.8	2.4	0.331541	-0.0375212
0.8	2.6	0.345626	-0.0335116
0.8	2.8	0.35759	-0.0300048
0.8	3	0.367858	-0.0269503
0.8	3.2	0.376755	-0.0242916
0.8	3.4	0.384534	-0.0219745
0.8	3.6	0.391388	-0.0199502
0.8	3.8	0.397471	-0.0181762
1	-4	0.40223	0.0201414
1	-3.8	0.396724	0.0219666
1	-3.6	0.390562	0.0240284
1	-3.4	0.383626	0.0263629
1	-3.2	0.375764	0.0290112
1	-3	0.366789	0.0320181
1	-2.8	0.356464	0.0354303
1	-2.6	0.344488	0.0392914
1	-2.4	0.330478	0.0436313
1	-2.2	0.313945	0.048447
1	-2	0.294282	0.0536656
1	-1.8	0.270745	0.0590791
1	-1.6	0.242495	0.0642342
1	-1.4	0.208731	0.0682631
1	-1.2	0.169069	0.0696788
1	-1	0.12435	0.0662913
1	-0.8	0.0779778	0.0557432
1	-0.6	0.0370391	0.0375524
1	-0.4	0.0103693	0.0165602
1	-0.2	0.000824963	0.00271981
1	1.27676e-15	1.6288e-45	-1.27574e-30
1	0.2	0.000824963	-0.00271981
1	0.4	0.0103693	-0.0165602
1	0.6	0.0370391	-0.0375524
1	0.8	0.0779778	-0.0557432
1	1	0.12435	-0.0662913
1	1.2	0.169069	-0.0696788
1	1.4	0.208731	-0.0682631
1	1.6	0.242495	-0.0642342
1	1.8	0.270745	-0.0590791
1	2	0.294282	-0.0536656
1	2.2	0.313945	-0.048447
1	2.4	0.330478	-0.0436313
1	2.6	0.344488	-0.0392914
1	2.8	0.356464	-0.0354303
1	3	0.366789	-0.0320181
1	3.2	0.375764	-0.0290112
1	3.4	0.383626	-0.0263629
1	3.6	0.390562	-0.0240284
1	3.8	0.396724	-0.0219666
1.2	-4	0.401498	0.0232974
1.2	-3.8	0.395925	0.0253205
1.2	-3.6	0.389695	0.0275876
1.2	-3.4	0.382692	0.0301311
1.2	-3.2	0.374773	0.0329858
1.2	-3	0.36576	0.0361872
1.2	-2.8	0.355435	0.0397677
1.2	-2.6	0.343528	0.0437506
1.2	-2.4	0.329707	0.0481376
1.2	-2.2	0.313567	0.0528896
1.2	-2	0.294632	0.0578933
1.2	-1.8	0.27237	0.0629098
1.2	-1.6	0.24625	0.0675
1.2	-1.4	0.215889	0.070934
1.2	-1.2	0.181331	0.0721224
1.2	-1	0.14352	0.0696788
1.2	-0.8	0.104848	0.0623115
1.2	-0.6	0.0693499	0.0496904
1.2	-0.4	0.0417168	0.0333521
1.2	-0.2	0.0250562	0.0162117
1.2	1.27676e-15	0.0196759	-1.01594e-16
1.2	0.2	0.0250562	-0.0162117
1.2	0.4	0.0417168	-0.0333521
1.2	0.6	0.0693499	-0.0496904
1.2	0.8	0.104848	-0.0623115
1.2	1	0.14352	-0.0696788
1.2	1.2	0.181331	-0.0721224
1.2	1.4	0.215889	-0.070934
1.2	1.6	0.24625	-0.0675
1.2	1.8	0.27237	-0.0629098
1.2	2	0.294632	-0.0578933
1.2	2.2	0.313567	-0.0528896
1.2	2.4	0.329707	-0.0481376
1.2	2.6	0.343528	-0.0437506
1.2	2.8	0.355435	-0.0397677
1.2	3	0.36576	-0.0361872
1.2	3.2	0.374773	-0.0329858
1.2	3.4	0.382692	-0.0301311
1.2	3.6	0.389695	-0.0275876
1.2	3.8	0.395925	-0.0253205
1.4	-4	0.400752	0.0260543
1.4	-3.8	0.395126	0.0282068
1.4	-3.6	0.388848	0.030597
1.4	-3.4	0.381808	0.0332507
1.4	-3.2	0.37387	0.0361933
1.4	-3	0.364873	0.039447
1.4	-2.8	0.354623	0.0430264
1.4	-2.6	0.342884	0.0469309
1.4	-2.4	0.32938	0.0511324
1.4	-2.2	0.31379	0.0555569
1.4	-2	0.295764	0.0600559
1.4	-1.8	0.274946	0.0643684
1.4	-1.6	0.251043	0.0680732
1.4	-1.4	0.223947	0.0705432
1.4	-1.2	0.193933	0.070934
1.4	-1	0.161922	0.0682631
1.4	-0.8	0.129731	0.0616504
1.4	-0.6	0.100084	0.0507183
1.4	-0.4	0.0761578	0.0359416
1.4	-0.2	0.0607099	0.0185616
1.4	1.27676e-15	0.0553936	-1.19646e-16
1.4	0.2	0.0607099	-0.0185616
1.4	0.4	0.0761578	-0.0359416
1.4	0.6	0.100084	-0.0507183
1.4	0.8	0.129731	-0.0616504
1.4	1	0.161922	-0.0682631
1.4	1.2	0.193933	-0.070934
1.4	1.4	0.223947	-0.0705432
1.4	1.6	0.251043	-0.0680732
1.4	1.8	0.274946	-0.0643684
1.4	2	0.295764	-0.0600559
1.4	2.2	0.31379	-0.0555569
1.4	2.4	0.32938	-0.0511324
1.4	2.6	0.342884	-0.0469309
1.4	2.8	0.354623	-0.0430264
1.4	3	0.364873	-0.039447
1.4	3.2	0.37387	-0.0361933
1.4	3.4	0.381808	-0.0332507
1.4	3.6	0.388848	-0.030597
1.4	3.8	0.395126	-0.0282068
1.6	-4	0.400033	0.0283982
1.6	-3.8	0.394375	0.0306149
1.6	-3.6	0.388077	0.0330515
1.6	-3.4	0.381036	0.0357254
1.6	-3.2	0.373129	0.0386508
1.6	-3	0.364213	0.0418352
1.6	-2.8	0.354119	0.0452745
1.6	-2.6	0.342651	0.048945
1.6	-2.4	0.329589	0.0527917
1.6	-2.2	0.314693	0.056712
1.6	-2	0.297721	0.0605336
1.6	-1.8	0.278463	0.0639875
1.6	-1.6	0.256803	0.0666797
1.6	-1.4	0.232809	0.0680732
1.6	-1.2	0.206875	0.0675
1.6	-1	0.179866	0.0642342
1.6	-0.8	0.153235	0.0576486
1.6	-0.6	0.128989	0.0474402
1.6	-0.4	0.109433	0.0338312
1.6	-0.2	0.0967036	0.0176144
1.6	1.27676e-15	0.0922852	-1.13968e-16
1.6	0.2	0.0967036	-0.0176144
1.6	0.4	0.109433	-0.0338312
1.6	0.6	0.128989	-0.0474402
1.6	0.8	0.153235	-0.0576486
1.6	1	0.179866	-0.0642342
1.6	1.2	0.206875	-0.0675
1.6	1.4	0.232809	-0.0680732
1.6	1.6	0.256803	-0.0666797
1.6	1.8	0.278463	-0.0639875
1.6	2	0.297721	-0.0605336
1.6	2.2	0.314693	-0.056712
1.6	2.4	0.329589	-0.0527917
1.6	2.6	0.342651	-0.048945
1.6	2.8	0.354119	-0.0452745
1.6	3	0.364213	-0.0418352
1.6	3.2	0.373129	-0.0386508
1.6	3.4	0.381036	-0.0357254
1.6	3.6	0.388077	-0.0330515
1.6	3.8	0.394375	-0.0306149
1.8	-4	0.399378	0.0303302
1.8	-3.8	0.393715	0.032552
1.8	-3.6	0.38743	0.0349673
1.8	-3.4	0.38043	0.0375844
1.8	-3.2	0.372608	0.0404058
1.8	-3	0.363839	0.0434248
1.8	-2.8	0.353983	0.0466201
1.8	-2.6	0.342882	0.0499482
1.8	-2.4	0.33037	0.0533333
1.8	-2.2	0.31628	0.0566541
1.8	-2	0.300461	0.0597272
1.8	-1.8	0.282818	0.0622901
1.8	-1.6	0.263355	0.0639875
1.8	-1.4	0.242251	0.0643684
1.8	-1.2	0.219945	0.0629098
1.8	-1	0.197224	0.0590791
1.8	-0.8	0.175265	0.0524453
1.8	-0.6	0.15559	0.0428225
1.8	-0.4	0.139888	0.0304003
1.8	-0.2	0.129722	0.0157973
1.8	1.27676e-15	0.1262	-1.02164e-16
1.8	0.2	0.129722	-0.0157973
1.8	0.4	0.139888	-0.0304003
1.8	0.6	0.15559	-0.0428225
1.8	0.8	0.175265	-0.0524453
1.8	1	0.197224	-0.0590791
1.8	1.2	0.219945	-0.0629098
1.8	1.4	0.242251	-0.0643684
1.8	1.6	0.263355	-0.0639875
1.8	1.8	0.282818	-0.0622901
1.8	2	0.300461	-0.0597272
1.8	2.2	0.31628	-0.0566541
1.8	2.4	0.33037	-0.0533333
1.8	2.6	0.342882	-0.0499482
1.8	2.8	0.353983	-0.0466201
1.8	3	0.363839	-0.0434248
1.8	3.2	0.372608	-0.0404058
1.8	3.4	0.38043	-0.0375844
1.8	3.6	0.38743	-0.0349673
1.8	3.8	0.393715	-0.032552
2	-4	0.398818	0.031864
2	-3.8	0.393178	0.03404
2	-3.6	0.386943	0.0363774
2	-3.4	0.380029	0.0388756
2	-3.2	0.372345	0.0415264
2	-3	0.363787	0.0443104
2	-2.8	0.354241	0.0471921
2	-2.6	0.343589	0.0501134
2	-2.4	0.331712	0.0529849
2	-2.2	0.318503	0.0556762
2	-2	0.303888	0.0580049
2	-1.8	0.287852	0.0597272
2	-1.6	0.27048	0.0605336
2	-1.4	0.252009	0.0600559
2	-1.2	0.23288	0.0578933
2	-1	0.213783	0.0536656
2	-0.8	0.195671	0.0470931
2	-0.6	0.179703	0.0380922
2	-0.4	0.167118	0.0268581
2	-0.2	0.159038	0.0138999
2	1.27676e-15	0.15625	-8.97719e-17
2	0.2	0.159038	-0.0138999
2	0.4	0.167118	-0.0268581
2	0.6	0.179703	-0.0380922
2	0.8	0.195671	-0.0470931
2	1	0.213783	-0.0536656
2	1.2	0.23288	-0.0578933
2	1.4	0.252009	-0.0600559
2	1.6	0.27048	-0.0605336
2	1.8	0.287852	-0.0597272
2	2	0.303888	-0.0580049
2	2.2	0.318503	-0.0556762
2	2.4	0.331712	-0.0529849
2	2.6	0.343589	-0.0501134
2	2.8	0.354241	-0.0471921
2	3	0.363787	-0.0443104
2	3.2	0.372345	-0.0415264
2	3.4	0.380029	-0.0388756
2	3.6	0.386943	-0.0363774
2	3.8	0.393178	-0.03404
2.2	-4	0.398378	0.0330226
2.2	-3.8	0.392792	0.0351112
2.2	-3.6	0.386641	0.0373264
2.2	-3.4	0.379856	0.0396592
2.2	-3.2	0.37236	0.0420924
2.2	-3	0.364068	0.0445964
2.2	-2.8	0.354894	0.0471256
2.2	-2.6	0.344753	0.0496122
2.2	-2.4	0.333567	0.0519603
2.2	-2.2	0.321281	0.0540391
2.2	-2	0.307874	0.0556762
2.2	-1.8	0.293389	0.0566541
2.2	-1.6	0.277959	0.056712
2.2	-1.4	0.261841	0.0555569
2.2	-1.2	0.245452	0.0528896
2.2	-1	0.229383	0.048447
2.2	-0.8	0.214399	0.0420601
2.2	-0.6	0.201382	0.0337168
2.2	-0.4	0.191244	0.0236129
2.2	-0.2	0.184788	0.0121693
2.2	1.27676e-15	0.182569	-7.84838e-17
2.2	0.2	0.184788	-0.0121693
2.2	0.4	0.191244	-0.0236129
2.2	0.6	0.201382	-0.0337168
2.2	0.8	0.214399	-0.0420601
2.2	1	0.229383	-0.048447
2.2	1.2	0.245452	-0.0528896
2.2	1.4	0.261841	-0.0555569
2.2	1.6	0.277959	-0.056712
2.2	1.8	0.293389	-0.0566541
2.2	2	0.307874	-0.0556762
2.2	2.2	0.321281	-0.0540391
2.2	2.4	0.333567	-0.0519603
2.2	2.6	0.344753	-0.0496122
2.2	2.8	0.354894	-0.0471256
2.2	3	0.364068	-0.0445964
2.2	3.2	0.37236	-0.0420924
2.2	3.4	0.379856	-0.0396592
2.2	3.6	0.386641	-0.0373264
2.2	3.8	0.392792	-0.0351112
2.4	-4	0.398077	0.0338363
2.4	-3.8	0.392573	0.0358054
2.4	-3.6	0.386541	0.0378655
2.4	-3.4	0.379923	0.0400011
2.4	-3.2	0.372656	0.0421875
2.4	-3	0.364677	0.0443881
2.4	-2.8	0.355921	0.0465504
2.4	-2.6	0.346333	0.0486024
2.4	-2.4	0.33587	0.0504473
2.4	-2.2	0.324514	0.0519603
2.4	-2	0.312284	0.0529849
2.4	-1.8	0.299259	0.0533333
2.4	-1.6	0.285596	0.0527917
2.4	-1.4	0.271551	0.0511324
2.4	-1.2	0.2575	0.0481376
2.4	-1	0.243942	0.0436313
2.4	-0.8	0.231484	0.0375212
2.4	-0.6	0.220803	0.0298391
2.4	-0.4	0.21257	0.0207713
2.4	-0.2	0.207366	0.0106646
2.4	1.27676e-15	0.205584	-6.86912e-17
2.4	0.2	0.207366	-0.0106646
2.4	0.4	0.21257	-0.0207713
2.4	0.6	0.220803	-0.0298391
2.4	0.8	0.231484	-0.0375212
2.4	1	0.243942	-0.0436313
2.4	1.2	0.2575	-0.0481376
2.4	1.4	0.271551	-0.0511324
2.4	1.6	0.285596	-0.0527917
2.4	1.8	0.299259	-0.0533333
2.4	2	0.312284	-0.0529849
2.4	2.2	0.324514	-0.0519603
2.4	2.4	0.33587	-0.0504473
2.4	2.6	0.346333	-0.0486024
2.4	2.8	0.355921	-0.0465504
2.4	3	0.364677	-0.0443881
2.4	3.2	0.372656	-0.0421875
2.4	3.4	0.379923	-0.0400011
2.4	3.6	0.386541	-0.0378655
2.4	3.8	0.392573	-0.0358054
2.6	-4	0.397924	0.0343394
2.6	-3.8	0.392529	0.036166
2.6	-3.6	0.386647	0.0380492
2.6	-3.4	0.380229	0.0399685
2.6	-3.2	0.373227	0.041894
2.6	-3	0.365594	0.0437846
2.6	-2.8	0.357289	0.0455847
2.6	-2.6	0.348277	0.0472216
2.6	-2.4	0.338545	0.0486024
2.6	-2.2	0.3281	0.0496122
2.6	-2	0.31699	0.0501134
2.6	-1.8	0.305314	0.0499482
2.6	-1.6	0.293236	0.048945
2.6	-1.4	0.280997	0.0469309
2.6	-1.2	0.268928	0.0437506
2.6	-1	0.257443	0.0392914
2.6	-0.8	0.247025	0.0335116
2.6	-0.6	0.238192	0.0264672
2.6	-0.4	0.231446	0.0183283
2.6	-0.2	0.227208	0.00937973
2.6	1.27676e-15	0.225762	-6.03488e-17
2.6	0.2	0.227208	-0.00937973
2.6	0.4	0.231446	-0.0183283
2.6	0.6	0.238192	-0.0264672
2.6	0.8	0.247025	-0.0335116
2.6	1	0.257443	-0.0392914
2.6	1.2	0.268928	-0.0437506
2.6	1.4	0.280997	-0.0469309
2.6	1.6	0.293236	-0.048945
2.6	1.8	0.305314	-0.0499482
2.6	2	0.31699	-0.0501134
2.6	2.2	0.3281	-0.0496122
2.6	2.4	0.338545	-0.0486024
2.6	2.6	0.348277	-0.0472216
2.6	2.8	0.357289	-0.0455847
2.6	3	0.365594	-0.0437846
2.6	3.2	0.373227	-0.041894
2.6	3.4	0.380229	-0.0399685
2.6	3.6	0.386647	-0.0380492
2.6	3.8	0.392529	-0.036166
2.8	-4	0.397925	0.0345684
2.8	-3.8	0.392664	0.0362374
2.8	-3.6	0.386956	0.0379314
2.8	-3.4	0.380764	0.0396261
2.8	-3.2	0.374054	0.0412887
2.8	-3	0.366792	0.0428756
2.8	-2.8	0.358954	0.0443311
2.8	-2.6	0.350526	0.0455847
2.8	-2.4	0.341513	0.0465504
2.8	-2.2	0.331943	0.0471256
2.8	-2	0.321881	0.0471921
2.8	-1.8	0.311433	0.0466201
2.8	-1.6	0.30076	0.0452745
2.8	-1.4	0.290083	0.0430264
2.8	-1.2	0.279687	0.0397677
2.8	-1	0.269913	0.0354303
2.8	-0.8	0.261146	0.0300048
2.8	-0.6	0.253784	0.023558
2.8	-0.4	0.248204	0.0162414
2.8	-0.2	0.244718	0.00828881
2.8	1.27676e-15	0.243531	-5.32799e-17
2.8	0.2	0.244718	-0.00828881
2.8	0.4	0.248204	-0.0162414
2.8	0.6	0.253784	-0.023558
2.8	0.8	0.261146	-0.0300048
2.8	1	0.269913	-0.0354303
2.8	1.2	0.279687	-0.0397677
2.8	1.4	0.290083	-0.0430264
2.8	1.6	0.30076	-0.0452745
2.8	1.8	0.311433	-0.0466201
2.8	2	0.321881	-0.0471921
2.8	2.2	0.331943	-0.0471256
2.8	2.4	0.341513	-0.0465504
2.8	2.6	0.350526	-0.0455847
2.8	2.8	0.358954	-0.0443311
2.8	3	0.366792	-0.0428756
2.8	3.2	0.374054	-0.0412887
2.8	3.4	0.380764	-0.0396261
2.8	3.6	0.386956	-0.0379314
2.8	3.8	0.392664	-0.0362374
3	-4	0.39808	0.03456
3	-3.8	0.392972	0.0360633
3	-3.6	0.387459	0.0375634
3	-3.4	0.381515	0.039034
3	-3.2	0.375113	0.0404403
3	-3	0.368236	0.0417389
3	-2.8	0.360871	0.0428756
3	-2.6	0.35302	0.0437846
3	-2.4	0.344702	0.0443881
3	-2.2	0.335958	0.0445964
3	-2	0.326861	0.0443104
3	-1.8	0.31752	0.0434248
3	-1.6	0.308085	0.0418352
3	-1.4	0.298753	0.039447
3	-1.2	0.289767	0.0361872
3	-1	0.281408	0.0320181
3	-0.8	0.273981	0.0269503
3	-0.6	0.267796	0.0210533
3	-0.4	0.263139	0.0144599
3	-0.2	0.260242	0.00736237
3	1.27676e-15	0.259259	-4.72873e-17
3	0.2	0.260242	-0.00736237
3	0.4	0.263139	-0.0144599
3	0.6	0.267796	-0.0210533
3	0.8	0.273981	-0.0269503
3	1	0.281408	-0.0320181
3	1.2	0.289767	-0.0361872
3	1.4	0.298753	-0.039447
3	1.6	0.308085	-0.0418352
3	1.8	0.31752	-0.0434248
3	2	0.326861	-0.0443104
3	2.2	0.335958	-0.0445964
3	2.4	0.344702	-0.0443881
3	2.6	0.35302	-0.0437846
3	2.8	0.360871	-0.0428756
3	3	0.368236	-0.0417389
3	3.2	0.375113	-0.0404403
3	3.4	0.381515	-0.039034
3	3.6	0.387459	-0.0375634
3	3.8	0.392972	-0.0360633
3.2	-4	0.398384	0.0343495
3.2	-3.8	0.393445	0.0356848
3.2	-3.6	0.388144	0.0369928
3.2	-3.4	0.38246	0.0382457
3.2	-3.2	0.376378	0.039409
3.2	-3	0.36989	0.0404403
3.2	-2.8	0.362994	0.0412887
3.2	-2.6	0.355704	0.041894
3.2	-2.4	0.348047	0.0421875
3.2	-2.2	0.340073	0.0420924
3.2	-2	0.331857	0.0415264
3.2	-1.8	0.323504	0.0404058
3.2	-1.6	0.315153	0.0386508
3.2	-1.4	0.306977	0.0361933
3.2	-1.2	0.29918	0.0329858
3.2	-1	0.291994	0.0290112
3.2	-0.8	0.285662	0.0242916
3.2	-0.6	0.280426	0.0188947
3.2	-0.4	0.276506	0.0129356
3.2	-0.2	0.274077	0.00657319
3.2	1.27676e-15	0.273254	-4.21902e-17
3.2	0.2	0.274077	-0.00657319
3.2	0.4	0.276506	-0.0129356
3.2	0.6	0.280426	-0.0188947
3.2	0.8	0.285662	-0.0242916
3.2	1	0.291994	-0.0290112
3.2	1.2	0.29918	-0.0329858
3.2	1.4	0.306977	-0.0361933
3.2	1.6	0.315153	-0.0386508
3.2	1.8	0.323504	-0.0404058
3.2	2	0.331857	-0.0415264
3.2	2.2	0.340073	-0.0420924
3.2	2.4	0.348047	-0.0421875
3.2	2.6	0.355704	-0.041894
3.2	2.8	0.362994	-0.0412887
3.2	3	0.36989	-0.0404403
3.2	3.2	0.376378	-0.039409
3.2	3.4	0.38246	-0.0382457
3.2	3.6	0.388144	-0.0369928
3.2	3.8	0.393445	-0.0356848
3.4	-4	0.398829	0.0339704
3.4	-3.8	0.394073	0.0351399
3.4	-3.6	0.388993	0.0362618
3.4	-3.4	0.383578	0.0373082
3.4	-3.2	0.37782	0.0382457
3.4	-3	0.371718	0.039034
3.4	-2.8	0.36528	0.0396261
3.4	-2.6	0.358526	0.0399685
3.4	-2.4	0.351491	0.0400011
3.4	-2.2	0.344227	0.0396592
3.4	-2	0.336809	0.0388756
3.4	-1.8	0.329335	0.0375844
3.4	-1.6	0.321931	0.0357254
3.4	-1.4	0.314747	0.0332507
3.4	-1.2	0.307956	0.0301311
3.4	-1	0.301745	0.0263629
3.4	-0.8	0.296313	0.0219745
3.4	-0.6	0.291848	0.0170292
3.4	-0.4	0.288521	0.0116264
3.4	-0.2	0.286467	0.00589795
3.4	1.27676e-15	0.285772	-3.78345e-17
3.4	0.2	0.286467	-0.00589795
3.4	0.4	0.288521	-0.0116264
3.4	0.6	0.291848	-0.0170292
3.4	0.8	0.296313	-0.0219745
3.4	1	0.301745	-0.0263629
3.4	1.2	0.307956	-0.0301311
3.4	1.4	0.314747	-0.0332507
3.4	1.6	0.321931	-0.0357254
3.4	1.8	0.329335	-0.0375844
3.4	2	0.336809	-0.0388756
3.4	2.2	0.344227	-0.0396592
3.4	2.4	0.351491	-0.0400011
3.4	2.6	0.358526	-0.0399685
3.4	2.8	0.36528	-0.0396261
3.4	3	0.371718	-0.039034
3.4	3.2	0.37782	-0.0382457
3.4	3.4	0.383578	-0.0373082
3.4	3.6	0.388993	-0.0362618
3.4	3.8	0.394073	-0.0351399
3.6	-4	0.399406	0.033453
3.6	-3.8	0.39484	0.0344623
3.6	-3.6	0.389988	0.0354076
3.6	-3.4	0.384845	0.0362618
3.6	-3.2	0.379409	0.0369928
3.6	-3	0.373686	0.0375634
3.6	-2.8	0.367689	0.0379314
3.6	-2.6	0.361443	0.0380492
3.6	-2.4	0.354986	0.0378655
3.6	-2.2	0.348372	0.0373264
3.6	-2	0.341673	0.0363774
3.6	-1.8	0.334979	0.0349673
3.6	-1.6	0.328401	0.0330515
3.6	-1.4	0.322069	0.030597
3.6	-1.2	0.316129	0.0275876
3.6	-1	0.310735	0.0240284
3.6	-0.8	0.306046	0.0199502
3.6	-0.6	0.302212	0.0154112
3.6	-0.4	0.299368	0.0104969
3.6	-0.2	0.297616	0.00531724
3.6	1.27676e-15	0.297025	-3.40926e-17
3.6	0.2	0.297616	-0.00531724
3.6	0.4	0.299368	-0.0104969
3.6	0.6	0.302212	-0.0154112
3.6	0.8	0.306046	-0.0199502
3.6	1	0.310735	-0.0240284
3.6	1.2	0.316129	-0.0275876
3.6	1.4	0.322069	-0.030597
3.6	1.6	0.328401	-0.0330515
3.6	1.8	0.334979	-0.0349673
3.6	2	0.341673	-0.0363774
3.6	2.2	0.348372	-0.0373264
3.6	2.4	0.354986	-0.0378655
3.6	2.6	0.361443	-0.0380492
3.6	2.8	0.367689	-0.0379314
3.6	3	0.373686	-0.0375634
3.6	3.2	0.379409	-0.0369928
3.6	3.4	0.384845	-0.0362618
3.6	3.6	0.389988	-0.0354076
3.6	3.8	0.39484	-0.0344623
3.8	-4	0.400104	0.0328247
3.8	-3.8	0.395732	0.033682
3.8	-3.6	0.391111	0.0344623
3.8	-3.4	0.38624	0.0351399
3.8	-3.2	0.38112	0.0356848
3.8	-3	0.375763	0.0360633
3.8	-2.8	0.370186	0.0362374
3.8	-2.6	0.364417	0.036166
3.8	-2.4	0.358495	0.0358054
3.8	-2.2	0.352473	0.0351112
3.8	-2	0.346418	0.03404
3.8	-1.8	0.340413	0.032552
3.8	-1.6	0.334555	0.0306149
3.8	-1.4	0.328957	0.0282068
3.8	-1.2	0.323739	0.0253205
3.8	-1	0.319031	0.0219666
3.8	-0.8	0.314961	0.0181762
3.8	-0.6	0.311648	0.014002
3.8	-0.4	0.309199	0.00951769
3.8	-0.2	0.307695	0.00481519
3.8	1.27676e-15	0.307188	-3.08606e-17
3.8	0.2	0.307695	-0.00481519
3.8	0.4	0.309199	-0.00951769
3.8	0.6	0.311648	-0.014002
3.8	0.8	0.314961	-0.0181762
3.8	1	0.319031	-0.0219666
3.8	1.2	0.323739	-0.0253205
3.8	1.4	0.328957	-0.0282068
3.8	1.6	0.334555	-0.0306149
3.8	1.8	0.340413	-0.032552
3.8	2	0.346418	-0.03404
3.8	2.2	0.352473	-0.0351112
3.8	2.4	0.358495	-0.0358054
3.8	2.6	0.364417	-0.036166
3.8	2.8	0.370186	-0.0362374
3.8	3	0.375763	-0.0360633
3.8	3.2	0.38112	-0.0356848
3.8	3.4	0.38624	-0.0351399
3.8	3.6	0.391111	-0.0344623
3.8	3.8	0.395732	-0.033682
