0.04	0.156619	0.0411794	0.0100521
0.08	0.307312	0.0824554	0.0204811
0.12	0.458883	0.128043	0.030658
0.16	0.610015	0.16767		0.0409253
0.2	0.772404	0.209928	0.0515314
0.24	0.925667	0.255473	0.062222
0.28	1.0794		0.301515	0.0718696
0.32	1.23441		0.350662	0.0824219
0.36	1.3939		0.400249	0.0925661
0.4	1.55466		0.450473	0.101796
0.44	1.69906		0.496127	0.111064
0.48	1.84219		0.550474	0.122076
0.52	1.99277		0.60152		0.131929
0.56	2.14778		0.655742	0.141471
0.6	2.29646		0.717461	0.151588
0.64	2.4496		0.779584	0.160898
0.68	2.59616		0.844195	0.171808
0.72	2.72496		0.905718	0.181893
0.76	2.85112		0.962272	0.190873
0.8	2.98252	1.0162	0.20148
0.84	3.10818	1.07614	0.214571
0.88	3.24718	1.13461	0.225234
0.92	3.39383	1.2021	0.235016
0.96	3.51964	1.25786	0.243226
1	3.65576	1.32089	0.253222
1.04	3.78112	1.3765	0.263649
1.08	3.9112	1.44107	0.273173
1.12	4.02638	1.49178	0.283207
1.16	4.15895	1.55751	0.294058
1.2	4.28496	1.62808	0.302829
1.24	4.41323	1.68707	0.313587
1.28	4.55466	1.76996	0.321691
1.32	4.69987	1.85007	0.332703
1.36	4.81606	1.92394	0.341985
1.4	4.93434	1.98228	0.352638
1.44	5.05316	2.05551	0.363512
1.48	5.19204	2.13497	0.374701
1.52	5.31444	2.21329	0.385853
1.56	5.46768	2.27059	0.396085
1.6	5.60675	2.33406	0.406943
1.64	5.7268	2.40304	0.417681
1.68	5.85504	2.48129	0.428995
1.72	5.96893	2.5513	0.43899
1.76	6.08261	2.6374	0.447285
1.8	6.19742	2.72067	0.455915
1.84	6.2902	2.8003	0.468411
1.88	6.39055	2.87588	0.47762
1.92	6.51154	2.96318	0.489077
1.96	6.62375	3.01768	0.497679
2	6.74599	3.09479	0.506558
2.04	6.83751	3.14595	0.5172
2.08	6.93045	3.22695	0.52529
2.12	7.04316	3.29437	0.5374
2.16	7.17998	3.38557	0.546118
2.2	7.31118	3.45262	0.556599
2.24	7.41733	3.5428	0.565004
2.28	7.5434	3.61717	0.57528
2.32	7.68876	3.70096	0.586492
2.36	7.80635	3.80216	0.595069
2.4	7.91697	3.88985	0.60683
2.44	8.02929	3.96531	0.617454
2.48	8.19146	4.04014	0.625834
2.52	8.31582	4.14338	0.634929
2.56	8.423	4.22657	0.642676
2.6	8.50648	4.29832	0.653893
2.64	8.62563	4.38659	0.666609
2.68	8.7323	4.47626	0.678722
2.72	8.84967	4.54996	0.686891
2.76	8.9609	4.62802	0.696569
2.8	9.10872	4.7123	0.709119
2.84	9.26052	4.77784	0.717916
2.88	9.39282	4.85642	0.728692
2.92	9.488	4.94113	0.739737
2.96	9.63612	5.02635	0.750407
3	9.73896	5.11595	0.759675
3.04	9.87475	5.18668	0.767904
3.08	9.93675	5.27601	0.778609
3.12	10.0107	5.35189	0.787116
3.16	10.1058	5.43315	0.797546
3.2	10.2234	5.52368	0.806543
3.24	10.3501	5.60152	0.813247
3.28	10.4619	5.71288	0.821227
3.32	10.5725	5.79498	0.831016
3.36	10.6808	5.86318	0.839536
3.4	10.7833	5.9351	0.85058
3.44	10.9262	6.03339	0.861246
3.48	11.0485	6.11912	0.871447
3.52	11.1247	6.19416	0.882208
3.56	11.2668	6.29524	0.890216
3.6	11.3943	6.39515	0.902364
3.64	11.4875	6.48845	0.91344
3.68	11.6167	6.56275	0.921436
3.72	11.6996	6.65116	0.932153
3.76	11.8349	6.74716	0.94015
3.8	11.9522	6.85342	0.950335
3.84	12.0585	6.94926	0.962567
3.88	12.1712	7.03922	0.969953
3.92	12.2863	7.11753	0.978712
3.96	12.384	7.2303	0.986487
