Loading data file.
Done!
LAT LON Lat 38.159 Lon 20.272
==>  0 Water <==

[[0 0 0 0 0 0 0 0 0 0 0]
 [0 0 0 0 0 0 0 0 0 0 0]
 [0 0 0 0 0 0 0 0 0 0 0]
 [0 0 0 0 0 0 0 0 0 0 0]
 [0 0 0 0 0 0 0 0 0 0 0]
 [0 0 0 0 0 0 0 0 0 0 0]
 [0 0 0 0 0 0 0 0 0 0 0]
 [0 0 0 0 0 0 0 0 0 0 0]
 [0 0 0 0 0 0 0 0 0 0 0]
 [0 0 0 0 0 0 0 0 0 0 0]
 [0 0 0 0 0 0 0 0 0 0 0]]


LAT LON Lat 38.34 Lon 20.28
==>  0 Water <==

[[0 0 0 0 0 0 0 0 0 0 0]
 [0 0 0 0 0 0 0 0 0 0 0]
 [0 0 0 0 0 0 0 0 0 0 0]
 [0 0 0 0 0 0 0 0 0 0 0]
 [0 0 0 0 0 0 0 0 0 0 0]
 [0 0 0 0 0 0 0 0 0 0 0]
 [0 0 0 0 0 0 0 0 0 0 0]
 [0 0 0 0 0 0 0 0 0 0 0]
 [0 0 0 0 0 0 0 0 0 0 0]
 [0 0 0 0 0 0 0 0 0 0 0]
 [0 0 0 0 0 0 0 0 0 0 0]]


LAT LON Lat 38.26 Lon 20.29
==>  0 Water <==

[[0 0 0 0 0 0 0 0 0 0 0]
 [0 0 0 0 0 0 0 0 0 0 0]
 [0 0 0 0 0 0 0 0 0 0 0]
 [0 0 0 0 0 0 0 0 0 0 0]
 [0 0 0 0 0 0 0 0 0 0 0]
 [0 0 0 0 0 0 0 0 0 0 0]
 [0 0 0 0 0 0 0 0 0 0 0]
 [0 0 0 0 0 0 0 0 0 0 0]
 [0 0 0 0 0 0 0 0 0 0 0]
 [0 0 0 0 0 0 0 0 0 0 0]
 [0 0 0 0 0 0 0 0 0 0 0]]


LAT LON Lat 38.28 Lon 20.29
==>  0 Water <==

[[0 0 0 0 0 0 0 0 0 0 0]
 [0 0 0 0 0 0 0 0 0 0 0]
 [0 0 0 0 0 0 0 0 0 0 0]
 [0 0 0 0 0 0 0 0 0 0 0]
 [0 0 0 0 0 0 0 0 0 0 0]
 [0 0 0 0 0 0 0 0 0 0 0]
 [0 0 0 0 0 0 0 0 0 0 0]
 [0 0 0 0 0 0 0 0 0 0 0]
 [0 0 0 0 0 0 0 0 0 0 0]
 [0 0 0 0 0 0 0 0 0 0 0]
 [0 0 0 0 0 0 0 0 0 0 0]]


LAT LON Lat 38.12 Lon 20.339
==>  0 Water <==

[[0 0 0 0 0 0 0 0 0 0 0]
 [0 0 0 0 0 0 0 0 0 0 0]
 [0 0 0 0 0 0 0 0 0 0 0]
 [0 0 0 0 0 0 0 0 0 0 0]
 [0 0 0 0 0 0 0 0 0 0 0]
 [0 0 0 0 0 0 0 0 0 0 0]
 [0 0 0 0 0 0 0 0 0 0 0]
 [0 0 0 0 0 0 0 0 0 0 0]
 [0 0 0 0 0 0 0 0 0 0 0]
 [0 0 0 0 0 0 0 0 0 0 0]
 [0 0 0 0 0 0 0 0 0 0 0]]


LAT LON Lat 38.29 Lon 20.31
==>  0 Water <==

[[0 0 0 0 0 0 0 0 0 0 0]
 [0 0 0 0 0 0 0 0 0 0 0]
 [0 0 0 0 0 0 0 0 0 0 0]
 [0 0 0 0 0 0 0 0 0 0 0]
 [0 0 0 0 0 0 0 0 0 0 0]
 [0 0 0 0 0 0 0 0 0 0 0]
 [0 0 0 0 0 0 0 0 0 0 0]
 [0 0 0 0 0 0 0 0 0 0 0]
 [0 0 0 0 0 0 0 0 0 0 0]
 [0 0 0 0 0 0 0 0 0 0 0]
 [0 0 0 0 0 0 0 0 0 0 0]]


LAT LON Lat 38.21 Lon 20.36
==>  0 Water <==
10 Grassland
11 Cropland
 7 Wooded Grassland
[[ 0  0  0  0  0  0  0  0 11 11 10]
 [ 0  0  0  0  0  0  7 11 11 11 11]
 [ 0  0  0  0  0  0 10  7  7  7 11]
 [ 0  0  0  0  0  0 10  7  7  7 11]
 [ 0  0  0  0  0  0 10  7  7 11 11]
 [ 0  0  0  0  0  0 10 10 10 10 11]
 [ 0  0  0  0  0  7 10 10  7 11 11]
 [ 0  0  0  0 11  7  7  7 11 11 11]
 [ 0  0  0  0 11 11 11 11 11 11 11]
 [ 0  0  0  0 10 11 11 11 11 11 11]
 [ 0  0  0  0  0 10 10 11 11 11 11]]


LAT LON Lat 37.2 Lon 21.69
==> 11 Cropland <==
 0 Water
 1 Evergreen Needleleaf Forest
10 Grassland
 6 Woodland
 7 Wooded Grassland
[[ 0  0  7  7  7  7  7  7  7  6  7]
 [ 0 11 11  7  7  7  6  6  6  7  7]
 [11  6  7  7  7 11  7  7  7  7  6]
 [11  7  7  7 10 10 10 10  7  7  6]
 [ 7  7  7  7 11 11 10 10  7  6  7]
 [11 10 10 10 11 11 11 11  6  6  6]
 [ 7  7  7  7  7 11 11 11  1  6  6]
 [11  7  7  7  7  7  7 11  6  1  1]
 [10  7  7  7  6  6  6  6 11 11 11]
 [ 7  7  7  6  6  6  6 11  6  6  6]
 [ 7  7  6  6  6  6  6 11  7  7  7]]


LAT LON Lat 38.3 Lon 20.4
==> 11 Cropland <==
 0 Water
10 Grassland
 6 Woodland
 7 Wooded Grassland
[[ 0  0  0  0  0  0  0  0  0  6  0]
 [ 0  0  0  0  0  0  7  7  7  7  0]
 [ 0  0  0  0  0  0 10 10  7  7  0]
 [ 0  0  0  0  0  0 11 11 11  7  7]
 [ 0  0  0  0  0 11 11 11 10  7  7]
 [ 0  0  0  0 10 11 11 10 11 10 10]
 [ 0  0  0  0 11 11 11 11 11 11 10]
 [ 0  0  0  0 11 11 11 10 11 11 10]
 [ 0  0  0  0 11 11 11  0  0  0  0]
 [ 0  0  0  0 11 11 11  0  0  0  0]
 [ 0  0  0 11 11 10 11 10 10  0  0]]


LAT LON Lat 38.109 Lon 20.324
==>  0 Water <==

[[0 0 0 0 0 0 0 0 0 0 0]
 [0 0 0 0 0 0 0 0 0 0 0]
 [0 0 0 0 0 0 0 0 0 0 0]
 [0 0 0 0 0 0 0 0 0 0 0]
 [0 0 0 0 0 0 0 0 0 0 0]
 [0 0 0 0 0 0 0 0 0 0 0]
 [0 0 0 0 0 0 0 0 0 0 0]
 [0 0 0 0 0 0 0 0 0 0 0]
 [0 0 0 0 0 0 0 0 0 0 0]
 [0 0 0 0 0 0 0 0 0 0 0]
 [0 0 0 0 0 0 0 0 0 0 0]]


LAT LON Lat 38.205 Lon 20.358
==>  0 Water <==
10 Grassland
11 Cropland
 7 Wooded Grassland
[[ 0  0  0  0  0  0  0  7 11 11 11]
 [ 0  0  0  0  0  0  0 10  7  7  7]
 [ 0  0  0  0  0  0  0 10  7  7  7]
 [ 0  0  0  0  0  0  0 10  7  7 11]
 [ 0  0  0  0  0  0  0 10 10 10 10]
 [ 0  0  0  0  0  0  7 10 10  7 11]
 [ 0  0  0  0  0 11  7  7  7 11 11]
 [ 0  0  0  0  0 11 11 11 11 11 11]
 [ 0  0  0  0  0 10 11 11 11 11 11]
 [ 0  0  0  0  0  0 10 10 11 11 11]
 [ 0  0  0  0  0  0  0  0  0 10 10]]


LAT LON Lat 38.23 Lon 20.48
==>  0 Water <==
10 Grassland
11 Cropland
 7 Wooded Grassland
[[ 0  0  0  0 11 11 10 10  7  7  7]
 [ 0  0  0  0 11 11 10 10  7  7  7]
 [ 0  0  0  0 10 10 10  7  7  7  7]
 [ 0  0  0  0 10  7  7  7  7  7  7]
 [ 0  0  0  0  0  0  7  7  7  7  7]
 [ 0  0  0  0  0  0  7  7  7  7 10]
 [10 10  0  0  0  0  0  7  7 10 11]
 [10 10  0  0  0  0  0  7  7  7  7]
 [11  0  0  0  0  0  0  7  7  7 10]
 [11  0  0  0  0  0  0  0 10 10 10]
 [10  0  0  0  0  0  0  0  0 11 11]]


LAT LON Lat 41.27 Lon 19.46
==>  0 Water <==
 8 Closed Shrubland
10 Grassland
 7 Wooded Grassland
[[ 0  0  0 10 10  8  0  0  7  7 10]
 [ 0  0  0  0  0  0  0  0  0  0  0]
 [ 0  0  0  0  0  0  0  0  0  0  0]
 [ 0  0  0  0  0  0  0  0  0  0  0]
 [ 0  0  0  0  0  0  0  0  0  0  0]
 [ 0  0  0  0  0  0  0  0  0  0  0]
 [ 0  0  0  0  0  0  0  0  0  0  0]
 [ 0  0  0  0  0  0  0  0  0  0  0]
 [ 0  0  0  0  0  0  0  0  0  0  0]
 [ 0  0  0  0  0  0  0  0  0  0  0]
 [ 0  0  0  0  0  0  0  0  0  0  0]]


LAT LON Lat 41.369 Lon 14.444
==>  7 Wooded Grassland <==
 0 Water
 1 Evergreen Needleleaf Forest
 4 Deciduous Broadleaf Forest
 5 Mixed Forest
 6 Woodland
11 Cropland
[[ 0  0  0 11 11  7  6  6  4  4  4]
 [ 0  0  0  0  0  7  6  6  6  4  4]
 [ 7  6  0  0  0  0  0  6  6  4  4]
 [11  7  7  7 11 11 11  7  4  4  4]
 [ 7  6  6  7  7  6  6  4  4  4  4]
 [ 6  7  7  6  7  7  6  4  4  4  4]
 [ 7  5  5  6  7  7  6  6  6  7  4]
 [ 7  7 11  7  7  7  7  7  7  7 11]
 [ 7  7  7  7  7  7  6  6  6  6 11]
 [11 11 11  7  7  7  6  6  4  5  1]
 [11 11 11 11 11  7  7  7  4  5  5]]


LAT LON Lat 43.638 Lon 16.997
==>  6 Woodland <==
 0 Water
 1 Evergreen Needleleaf Forest
 5 Mixed Forest
 7 Wooded Grassland
10 Grassland
11 Cropland
[[ 5  5  5  7  7 10  0  0  0  0  0]
 [ 6  5  5  5  6 11  0  0  0  0  0]
 [ 7  7  5  5  1 10 10  0  0  0  0]
 [ 7  7  7  7  6  1  1  0  0  0  0]
 [ 7  7  6  6  6 10 10  0  0  0  0]
 [ 7  7  7  6  6  6 10  0  0  0  0]
 [ 6  7  7  1  1  1 11  0  0  0  0]
 [ 6  5  5  1  1  1 11  6  6  0  0]
 [ 6  6 11  6  6  6  7  6  6 11  7]
 [ 7  7  7  1  1  1  6  6 11  7  7]
 [11 11  7  7  7  1  6  6  7  1  1]]


LAT LON Lat 38.902 Lon 23.09
==>  6 Woodland <==
 0 Water
 1 Evergreen Needleleaf Forest
 5 Mixed Forest
 7 Wooded Grassland
10 Grassland
11 Cropland
[[ 0  0  0  0  0  0  0 11 11 11 11]
 [ 0  0  0  0  0  0 10 11 11 11 11]
 [ 0  6  7  6  6  7 10  7  7 10 11]
 [ 0  7  6  6  6  7  7  7 10  7 10]
 [ 7  7  7  7  7  6  6  6  7 10 10]
 [10  7  7  7  7  6  6  6 10 10 10]
 [ 7  7  7  7  6  7  1  1  6  1  1]
 [10  7  7  7  7  6  6  1  6  5  5]
 [10  7  7  7  7  7  7  6  1  1  1]
 [ 0  7  7  7 10  7  7  7  6  6  6]
 [ 0  7  7 11  7  7  7  7 10 10  6]]


LAT LON Lat 45.63 Lon 26.59
==>  5 Mixed Forest <==
 1 Evergreen Needleleaf Forest
 4 Deciduous Broadleaf Forest
[[5 5 5 5 5 5 5 5 5 5 5]
 [5 5 5 5 5 5 5 5 5 5 4]
 [5 5 5 5 5 5 5 5 5 5 4]
 [5 5 5 5 5 5 5 5 5 5 4]
 [5 5 5 5 5 5 5 5 5 5 5]
 [5 5 5 5 5 5 5 5 5 5 5]
 [5 5 5 5 5 5 5 5 5 5 5]
 [5 5 5 5 5 5 5 5 5 5 5]
 [5 5 5 5 5 5 5 5 5 5 5]
 [5 5 5 5 5 5 5 5 5 5 5]
 [5 5 5 5 5 5 5 5 5 5 1]]


LAT LON Lat 35.52 Lon 23.28
==>  0 Water <==

[[0 0 0 0 0 0 0 0 0 0 0]
 [0 0 0 0 0 0 0 0 0 0 0]
 [0 0 0 0 0 0 0 0 0 0 0]
 [0 0 0 0 0 0 0 0 0 0 0]
 [0 0 0 0 0 0 0 0 0 0 0]
 [0 0 0 0 0 0 0 0 0 0 0]
 [0 0 0 0 0 0 0 0 0 0 0]
 [0 0 0 0 0 0 0 0 0 0 0]
 [0 0 0 0 0 0 0 0 0 0 0]
 [0 0 0 0 0 0 0 0 0 0 0]
 [0 0 0 0 0 0 0 0 0 0 0]]


LAT LON Lat 45.74 Lon 26.55
==>  1 Evergreen Needleleaf Forest <==
 5 Mixed Forest
 6 Woodland
 7 Wooded Grassland
[[1 6 6 5 5 5 5 5 5 5 5]
 [1 6 6 5 5 5 5 5 5 5 5]
 [1 1 1 7 5 5 5 5 5 5 5]
 [5 5 5 1 1 1 5 5 5 5 5]
 [5 5 5 5 1 1 5 5 5 5 5]
 [5 5 5 5 1 1 5 5 5 5 5]
 [1 5 5 5 1 1 5 5 5 5 1]
 [5 5 5 5 1 1 1 1 1 1 5]
 [5 5 5 5 5 5 1 5 5 5 5]
 [5 5 5 5 5 5 5 5 5 5 5]
 [5 5 5 5 5 5 5 5 5 5 5]]


LAT LON Lat 38.75 Lon 22.8
==>  7 Wooded Grassland <==
 0 Water
 1 Evergreen Needleleaf Forest
10 Grassland
11 Cropland
 6 Woodland
[[ 0  0  0  0  0  0  0  0  0  0  0]
 [ 0  0  0  0  0  0  0  0  0  0  0]
 [ 6  6  1  6  6  6  6  1  1  7  0]
 [ 6  6  6  1  1  6  6  6  6  6 10]
 [ 7  7  7  7  7  7  6  6  6  6  6]
 [11  7  7  7  7  7  6  6  1  6  6]
 [ 7  7  7  7  7  7 11 11  6  7  7]
 [ 7  7  7  7  7  7 11 11 10  1  1]
 [ 7  7  7  7  7  7  7 11 10  1  1]
 [11  7  7  7  7  7  7  7  7  6  6]
 [ 6 10 10 11 11 10 10 10  7  7  7]]


LAT LON Lat 38.74 Lon 22.75
==>  7 Wooded Grassland <==
 0 Water
 1 Evergreen Needleleaf Forest
10 Grassland
11 Cropland
 6 Woodland
[[ 7  6  6  6  6  1  0  0  0  0  0]
 [ 7  7  7  7  6  6  6  6  1  6  6]
 [ 7  7  7  7  7  7  6  6  6  1  1]
 [ 7  7 11 11  6  7  7  7  7  7  7]
 [ 7 10 10  7 11 11 11  7  7  7  7]
 [ 6  6  6  7 11  7  7  7  7  7  7]
 [ 7 11 11 11  7  7  7  7  7  7  7]
 [ 7 11 11 11  7  7  7  7  7  7  7]
 [ 7  7  6  6  6  6 11  7  7  7  7]
 [ 6  6  6  6  6  6  6 10 10 11 11]
 [ 6  6  1  6  6  6  7 10 10  7  6]]


LAT LON Lat 38.03 Lon 20.78
==>  0 Water <==
10 Grassland
11 Cropland
 7 Wooded Grassland
[[11 10 10 10 11  7 10 10  0  0  0]
 [10 11  0  0  0  0  0 10  0  0  0]
 [ 0  0  0  0  0  0  0  0  0  0  0]
 [ 0  0  0  0  0  0  0  0  0  0  0]
 [ 0  0  0  0  0  0  0  0  0  0  0]
 [ 0  0  0  0  0  0  0  0  0  0  0]
 [ 0  0  0  0  0  0  0  0  0  0  0]
 [ 0  0  0  0  0  0  0  0  0  0  0]
 [ 0  0  0  0  0  0  0  0  0  0  0]
 [ 0  0  0  0  0  0  0  0  0  0  0]
 [ 0  0  0  0  0  0  0  0  0  0  0]]


LAT LON Lat 34.83 Lon 25.08
==>  0 Water <==

[[0 0 0 0 0 0 0 0 0 0 0]
 [0 0 0 0 0 0 0 0 0 0 0]
 [0 0 0 0 0 0 0 0 0 0 0]
 [0 0 0 0 0 0 0 0 0 0 0]
 [0 0 0 0 0 0 0 0 0 0 0]
 [0 0 0 0 0 0 0 0 0 0 0]
 [0 0 0 0 0 0 0 0 0 0 0]
 [0 0 0 0 0 0 0 0 0 0 0]
 [0 0 0 0 0 0 0 0 0 0 0]
 [0 0 0 0 0 0 0 0 0 0 0]
 [0 0 0 0 0 0 0 0 0 0 0]]


LAT LON Lat 39.33 Lon 20.38
==>  7 Wooded Grassland <==
 0 Water
10 Grassland
11 Cropland
 6 Woodland
[[ 7 10 10 10 10 11 10 10 11 11 11]
 [ 7  7  7  7 10 10 10 10 10 11 11]
 [ 7  7  7  7 11 10 10 10 10 11 11]
 [ 7  7  7  7  7  7  7  7  7 10 10]
 [ 7  7  7  7  7  6  6 11  7 11 11]
 [ 7  7  7  7  7  7  7  7 10 10 10]
 [ 7 10 10  7  7  7  7  7 10 10 11]
 [ 6  6  7  7 11 11 10  7  7  7 11]
 [ 7  7  7  7 11 11  7  7  7 11 11]
 [ 7  7  7  7  7  7  7  7  7  7 11]
 [ 0  7  7  7  7  7  7  7  7  7 11]]


LAT LON Lat 38.7 Lon 22.68
==>  6 Woodland <==
 1 Evergreen Needleleaf Forest
10 Grassland
11 Cropland
 7 Wooded Grassland
[[ 6 11  7  6  6  7  7  7  7  6  6]
 [ 6  6  6  6  6  6  6  6  7  7 11]
 [ 6  6  6  6  6  6  6  6  7  7 11]
 [ 6  6  6  6  6  6  7  7  7  7  7]
 [ 7  7  7  7  6  6  6  6  6  6  6]
 [ 7 10  7  7  6  6  6  6  1  6  6]
 [ 6  7  7  7  6  6  6  6  6  6  6]
 [ 7  7  7  7  7  7  7  7  7  7  7]
 [ 7  7  7  7  7  7  7 10  7  7  7]
 [ 7  7  7  7 10 10 10 10  7  7 10]
 [ 7  7 10  7 10 10 10 10 10 11  7]]


LAT LON Lat 43.501 Lon 13.668
==>  0 Water <==
 1 Evergreen Needleleaf Forest
10 Grassland
11 Cropland
[[ 0  0  0  0  0  0  0  0  0  0  0]
 [ 1  0  0  0  0  0  0  0  0  0  0]
 [ 0  0  0  0  0  0  0  0  0  0  0]
 [ 0  0  0  0  0  0  0  0  0  0  0]
 [ 0  0  0  0  0  0  0  0  0  0  0]
 [ 0  0  0  0  0  0  0  0  0  0  0]
 [ 0  0  0  0  0  0  0  0  0  0  0]
 [10 10  0  0  0  0  0  0  0  0  0]
 [11 11  0  0  0  0  0  0  0  0  0]
 [10 10  0  0  0  0  0  0  0  0  0]
 [11 11 10 10  0  0  0  0  0  0  0]]


LAT LON Lat 40.374 Lon 21.873
==> 11 Cropland <==
10 Grassland
 7 Wooded Grassland
[[10 10 10 10 11 10 10 10 10 10 10]
 [11 10 10 10 10 10 10 10 10 10 10]
 [11 11 11 11 11 10 10 10 11 11 10]
 [11 11 11 11 11 10 10 11 11 11 10]
 [11 11 11 11 11 11 11 11 11 11 11]
 [11 11 11 11 11 11 11 11 11 11 10]
 [11 11 11 10 10 10 10  7  7 10 11]
 [10 10 10 11 11 10 11 11 11 10 11]
 [10 10 10 10 10 10 10 10 10 10 10]
 [10 10 10 10 10 10 10 10 10 10 10]
 [10 10 10 10 10  7 10 10 11 10 10]]


LAT LON Lat 44.171 Lon 10.205
==>  4 Deciduous Broadleaf Forest <==
 1 Evergreen Needleleaf Forest
11 Cropland
 5 Mixed Forest
 6 Woodland
 7 Wooded Grassland
[[ 5  5  5  4  4  4  4  4  4  5  4]
 [ 4  4  1  4  4  6  6  4  4  4  4]
 [ 4  4  4  4  4  7  6  6  4  5  5]
 [ 4  4  4  4  4  7  6  6  4  5  5]
 [ 4  4  1  1  4  4  4  4  5  5  4]
 [ 4  5  1  1  5  4  4  4  4  4  4]
 [ 4  4  4  4  5  5  4  4  4  4  4]
 [ 1  5  5  5  5  5  4  4  4  4  4]
 [ 1  1  5  4  4  5  5  5  5  4  4]
 [ 1  1  1  1  1  5  5  5  5  1  1]
 [ 5  4 11  6  6  1  5  5  5  5  5]]


LAT LON Lat 44.153 Lon 10.135
==>  4 Deciduous Broadleaf Forest <==
 1 Evergreen Needleleaf Forest
11 Cropland
 5 Mixed Forest
 6 Woodland
 7 Wooded Grassland
[[ 6  6  4  4  4  4  4  4  4  4  4]
 [ 6  6  6  4  4  4  4  4  4  4  4]
 [ 4  1  1  4  4  4  4  4  4  4  1]
 [ 4  4  1  6  6  4  4  4  4  5  1]
 [ 5  5  1  6  6  6  4  4  4  4  4]
 [ 4  4  5  4  4  4  4  4  1  5  5]
 [ 4  4  4  4  4  4  4  5  1  1  5]
 [ 4  4  5  5  5  1  1  6  1  1  1]
 [ 5  5  5  5  5  5  1  5  5  4 11]
 [ 5  5  5  5  6  6  5  1  1  5 11]
 [ 6  6  1  1  1  1  1  1  1  1  7]]


LAT LON Lat 34.26 Lon 24.96
==>  0 Water <==

[[0 0 0 0 0 0 0 0 0 0 0]
 [0 0 0 0 0 0 0 0 0 0 0]
 [0 0 0 0 0 0 0 0 0 0 0]
 [0 0 0 0 0 0 0 0 0 0 0]
 [0 0 0 0 0 0 0 0 0 0 0]
 [0 0 0 0 0 0 0 0 0 0 0]
 [0 0 0 0 0 0 0 0 0 0 0]
 [0 0 0 0 0 0 0 0 0 0 0]
 [0 0 0 0 0 0 0 0 0 0 0]
 [0 0 0 0 0 0 0 0 0 0 0]
 [0 0 0 0 0 0 0 0 0 0 0]]


LAT LON Lat 34.43 Lon 25.04
==>  0 Water <==

[[0 0 0 0 0 0 0 0 0 0 0]
 [0 0 0 0 0 0 0 0 0 0 0]
 [0 0 0 0 0 0 0 0 0 0 0]
 [0 0 0 0 0 0 0 0 0 0 0]
 [0 0 0 0 0 0 0 0 0 0 0]
 [0 0 0 0 0 0 0 0 0 0 0]
 [0 0 0 0 0 0 0 0 0 0 0]
 [0 0 0 0 0 0 0 0 0 0 0]
 [0 0 0 0 0 0 0 0 0 0 0]
 [0 0 0 0 0 0 0 0 0 0 0]
 [0 0 0 0 0 0 0 0 0 0 0]]


LAT LON Lat 36.71 Lon 21.75
==>  0 Water <==
10 Grassland
 6 Woodland
 7 Wooded Grassland
[[ 0  0  0  0  0  0  0  0  0  0  0]
 [ 0  0  0  0  0  0  0  0  0  0  0]
 [ 0  0  0  0  0  0  0  6  6  7  0]
 [ 0  0  0  0  0  0  0  6  6 10  0]
 [ 0  0  0  0  0  0 10 10 10  0  0]
 [ 0  0  0  0  0  0 10 10 10  0  0]
 [ 0  0  0  0  0  0  0  0  0  0  0]
 [ 0  0  0  0  0  0  0  0  0  0  0]
 [ 0  0  0  0  0  0  0  0  0  0  0]
 [ 0  0  0  0  0  0  0  0  0  0  0]
 [ 0  0  0  0  0  0  0  0  0  0  0]]


LAT LON Lat 32.781 Lon 12.537
==>  9 Open Shrubland <==
 0 Water
 8 Closed Shrubland
10 Grassland
[[ 0  0  0  0  0  0  0  0  0  0  0]
 [ 0  0  0  0  0  0  0  0  0  0  0]
 [ 0  0  0  0  0  0  0  0  0  0  0]
 [ 8  9  9  0  0  0  0  0  0  0  0]
 [ 8  8  8  8  9  9  9  9  9  0  0]
 [ 8  8  8  8  9  9  9 10  8  8  8]
 [ 8  8  8  8  8  8  8  8  8  8  8]
 [ 8  9  8  8  8  8  8  8  8  8  8]
 [ 8  8  9  9  8  8  8  8  8  8  8]
 [ 8  8  8  8  8  8  8  8  8  8  8]
 [ 8  8  8  8  9  8  8  8  8  8  8]]


LAT LON Lat 37.43 Lon 22.7
==>  7 Wooded Grassland <==
 0 Water
 8 Closed Shrubland
10 Grassland
 6 Woodland
[[10 10  7  7  7  6  6  6  6  0  0]
 [ 6  7  6 10 10  6  6  6  6  6  0]
 [ 6  6  6  6  6  7  6  6  6  7  0]
 [ 7  7  6  6  7  7  7  7  7  7  0]
 [ 7  8  8  8  8  7  7  7  7 10  0]
 [ 6  7 10 10  7  7  7  7  7 10 10]
 [ 7 10 10 10 10  7  7  7 10  7  7]
 [ 6 10 10  6  7  7  7  7  7  6  6]
 [ 6  6  6  6  7  7  7  7 10  7  7]
 [ 6  6  6  6  7  6  6  7  7  7  7]
 [ 7  7  6  6  7  7  6  7  7  7 10]]


LAT LON Lat 34.73 Lon 24.02
==>  0 Water <==

[[0 0 0 0 0 0 0 0 0 0 0]
 [0 0 0 0 0 0 0 0 0 0 0]
 [0 0 0 0 0 0 0 0 0 0 0]
 [0 0 0 0 0 0 0 0 0 0 0]
 [0 0 0 0 0 0 0 0 0 0 0]
 [0 0 0 0 0 0 0 0 0 0 0]
 [0 0 0 0 0 0 0 0 0 0 0]
 [0 0 0 0 0 0 0 0 0 0 0]
 [0 0 0 0 0 0 0 0 0 0 0]
 [0 0 0 0 0 0 0 0 0 0 0]
 [0 0 0 0 0 0 0 0 0 0 0]]


LAT LON Lat 37.731 Lon 21.485
==> 10 Grassland <==
 8 Closed Shrubland
11 Cropland
 7 Wooded Grassland
[[11 11  7  7  7  7 10 10  7 11 11]
 [10 10  7  7  7  7  7  7  7 11 11]
 [11 11 11 10  7  7  7 10 10 10 10]
 [10 11 11 11  7  7  7  7  7  7 10]
 [11 11 11  8 10 10  7  7  7  7  7]
 [ 8  8 10  8 10 10 10  7  7  7  7]
 [11 11 10 11 11 11 10 10 10 10 10]
 [ 7  7 11  7  7 11 11 10 10 10 10]
 [11 11 10 10 10 10 10 10 10 10 11]
 [11 11 10 10 10 10 10 10 10 10 11]
 [10 11 11 11 11  7 10 10 10 10 11]]


LAT LON Lat 41.714 Lon 13.576
==> 10 Grassland <==
 1 Evergreen Needleleaf Forest
 4 Deciduous Broadleaf Forest
 5 Mixed Forest
 6 Woodland
 7 Wooded Grassland
11 Cropland
[[ 5  4  4  5  5  1  1  1  6  7  7]
 [ 5  4  4  4  5  1  1  1  6  7  7]
 [ 4  6  6  6  7  1  1  1  1  1  1]
 [ 4  6  6  6  6  1  1  7 10 10 11]
 [ 5  5  5  6  6  7  7  6  7  7 11]
 [ 1  5  5  7 10 10 10  7  7  6  6]
 [ 4  6  6  7 11 11 11 11 11 11 11]
 [ 4  4  7  7  7 11 11 11 11 11  7]
 [ 7  7 10 10 10 11 11 11 11 11 10]
 [11 11 10 11 11 11 11 11 11 11 11]
 [10  7  7  7 11 11  7  7 11 11 11]]


LAT LON Lat 44.168 Lon 10.454
==>  4 Deciduous Broadleaf Forest <==
 5 Mixed Forest
 6 Woodland
 7 Wooded Grassland
[[4 4 5 5 4 4 4 4 5 5 4]
 [5 4 4 4 4 4 4 5 5 5 5]
 [4 4 4 5 4 4 4 4 4 5 5]
 [4 4 4 5 4 4 4 4 4 5 5]
 [4 4 4 4 4 4 4 4 4 4 4]
 [4 4 5 5 5 4 4 4 4 4 4]
 [4 4 5 5 4 4 4 5 4 4 4]
 [4 5 4 4 4 4 4 4 4 4 4]
 [6 7 7 4 4 4 4 4 4 4 4]
 [4 7 7 4 4 4 4 5 5 4 4]
 [6 4 4 4 4 4 4 5 5 4 4]]


LAT LON Lat 39.64 Lon 25.55
==>  0 Water <==

[[0 0 0 0 0 0 0 0 0 0 0]
 [0 0 0 0 0 0 0 0 0 0 0]
 [0 0 0 0 0 0 0 0 0 0 0]
 [0 0 0 0 0 0 0 0 0 0 0]
 [0 0 0 0 0 0 0 0 0 0 0]
 [0 0 0 0 0 0 0 0 0 0 0]
 [0 0 0 0 0 0 0 0 0 0 0]
 [0 0 0 0 0 0 0 0 0 0 0]
 [0 0 0 0 0 0 0 0 0 0 0]
 [0 0 0 0 0 0 0 0 0 0 0]
 [0 0 0 0 0 0 0 0 0 0 0]]


LAT LON Lat 34.14 Lon 25.07
==>  0 Water <==

[[0 0 0 0 0 0 0 0 0 0 0]
 [0 0 0 0 0 0 0 0 0 0 0]
 [0 0 0 0 0 0 0 0 0 0 0]
 [0 0 0 0 0 0 0 0 0 0 0]
 [0 0 0 0 0 0 0 0 0 0 0]
 [0 0 0 0 0 0 0 0 0 0 0]
 [0 0 0 0 0 0 0 0 0 0 0]
 [0 0 0 0 0 0 0 0 0 0 0]
 [0 0 0 0 0 0 0 0 0 0 0]
 [0 0 0 0 0 0 0 0 0 0 0]
 [0 0 0 0 0 0 0 0 0 0 0]]


LAT LON Lat 39.881 Lon 16.009
==> 11 Cropland <==
10 Grassland
 6 Woodland
 7 Wooded Grassland
[[ 7  7  7 11 11 11 11 11 11  7 11]
 [ 7  7  7 11 11  7  6  7  7 11  7]
 [11  7 11  7  7  6  7  7  6  6  6]
 [11  7 11 11  7  6  6  6  6  7  7]
 [ 7  7  7  7 11  7  7  7 11 11  7]
 [ 7  7  7  7 11 11 11  7  7  7 11]
 [10 11 11  7  7  7 11 11 11  7 11]
 [ 7  7 11  7  7 11 11 11 11 11 11]
 [ 7  7 11  7  7 11 11 11 11 11 11]
 [ 7  7 11 11 11  7 11 11  7 11 11]
 [ 7  7 11 11 10 11 11 11  7 11 11]]


LAT LON Lat 38.93 Lon 20.66
==>  0 Water <==

[[0 0 0 0 0 0 0 0 0 0 0]
 [0 0 0 0 0 0 0 0 0 0 0]
 [0 0 0 0 0 0 0 0 0 0 0]
 [0 0 0 0 0 0 0 0 0 0 0]
 [0 0 0 0 0 0 0 0 0 0 0]
 [0 0 0 0 0 0 0 0 0 0 0]
 [0 0 0 0 0 0 0 0 0 0 0]
 [0 0 0 0 0 0 0 0 0 0 0]
 [0 0 0 0 0 0 0 0 0 0 0]
 [0 0 0 0 0 0 0 0 0 0 0]
 [0 0 0 0 0 0 0 0 0 0 0]]


LAT LON Lat 39.651 Lon 15.724
==>  0 Water <==

[[0 0 0 0 0 0 0 0 0 0 0]
 [0 0 0 0 0 0 0 0 0 0 0]
 [0 0 0 0 0 0 0 0 0 0 0]
 [0 0 0 0 0 0 0 0 0 0 0]
 [0 0 0 0 0 0 0 0 0 0 0]
 [0 0 0 0 0 0 0 0 0 0 0]
 [0 0 0 0 0 0 0 0 0 0 0]
 [0 0 0 0 0 0 0 0 0 0 0]
 [0 0 0 0 0 0 0 0 0 0 0]
 [0 0 0 0 0 0 0 0 0 0 0]
 [0 0 0 0 0 0 0 0 0 0 0]]


LAT LON Lat 38.1 Lon 22.77
==>  0 Water <==

[[0 0 0 0 0 0 0 0 0 0 0]
 [0 0 0 0 0 0 0 0 0 0 0]
 [0 0 0 0 0 0 0 0 0 0 0]
 [0 0 0 0 0 0 0 0 0 0 0]
 [0 0 0 0 0 0 0 0 0 0 0]
 [0 0 0 0 0 0 0 0 0 0 0]
 [0 0 0 0 0 0 0 0 0 0 0]
 [0 0 0 0 0 0 0 0 0 0 0]
 [0 0 0 0 0 0 0 0 0 0 0]
 [0 0 0 0 0 0 0 0 0 0 0]
 [0 0 0 0 0 0 0 0 0 0 0]]


LAT LON Lat 35.16 Lon 22.46
==>  0 Water <==

[[0 0 0 0 0 0 0 0 0 0 0]
 [0 0 0 0 0 0 0 0 0 0 0]
 [0 0 0 0 0 0 0 0 0 0 0]
 [0 0 0 0 0 0 0 0 0 0 0]
 [0 0 0 0 0 0 0 0 0 0 0]
 [0 0 0 0 0 0 0 0 0 0 0]
 [0 0 0 0 0 0 0 0 0 0 0]
 [0 0 0 0 0 0 0 0 0 0 0]
 [0 0 0 0 0 0 0 0 0 0 0]
 [0 0 0 0 0 0 0 0 0 0 0]
 [0 0 0 0 0 0 0 0 0 0 0]]


LAT LON Lat 34.74 Lon 24.02
==>  0 Water <==

[[0 0 0 0 0 0 0 0 0 0 0]
 [0 0 0 0 0 0 0 0 0 0 0]
 [0 0 0 0 0 0 0 0 0 0 0]
 [0 0 0 0 0 0 0 0 0 0 0]
 [0 0 0 0 0 0 0 0 0 0 0]
 [0 0 0 0 0 0 0 0 0 0 0]
 [0 0 0 0 0 0 0 0 0 0 0]
 [0 0 0 0 0 0 0 0 0 0 0]
 [0 0 0 0 0 0 0 0 0 0 0]
 [0 0 0 0 0 0 0 0 0 0 0]
 [0 0 0 0 0 0 0 0 0 0 0]]


LAT LON Lat 38.25 Lon 15.709
==>  0 Water <==
 1 Evergreen Needleleaf Forest
 5 Mixed Forest
 6 Woodland
 7 Wooded Grassland
10 Grassland
11 Cropland
[[ 0  0  0  0  0  0  0  0  0  0  0]
 [ 0  0  0  0  0  0  0  0  0  0  0]
 [ 0  0  0  0  0  0  0  0  0  0  0]
 [ 0  0  0  0  0  0  0  0  0  0  0]
 [ 0  0  0  0  0  0  0  0  0  0  0]
 [ 0  0  0  0  0  0  0  0  7  7 10]
 [ 0  0  0  6  6  6  6 11 11  7  5]
 [ 6  7  6  6  6  6 11  7  7  6  5]
 [ 7  7  6  6  1  1  7  7 11  1 11]
 [ 7  7  1  1  6  6  6  6  6  6  6]
 [ 7  7  7  7  7  6  6  6  7  6  6]]


LAT LON Lat 43.964 Lon 16.748
==>  7 Wooded Grassland <==
 1 Evergreen Needleleaf Forest
10 Grassland
11 Cropland
 5 Mixed Forest
 6 Woodland
[[11 11 11 11 11  6  5  6  6  5  6]
 [11 11 11 11 11  6  1  1  5  5  5]
 [11 11 11 11 11 11  6  6 11  6  6]
 [11 11 11 11 11 11 11 11  7  7  7]
 [11 11 11 11 11 11 11  6  7  7  7]
 [11 11 11 11 11  7  7 11  7  7  7]
 [11 11 11 11 11 11 11  6  6  6  6]
 [ 6 11 11 11 11 11 11  6  7  7  6]
 [11 11 11  7 11 11 11 11 11 11  6]
 [11 11 11  7 11 11 11 11 11 11 11]
 [11 11 11 11 11 11 11 10 10 11 11]]


LAT LON Lat 44.189 Lon 17.89
==>  7 Wooded Grassland <==
 1 Evergreen Needleleaf Forest
11 Cropland
13 Urban and Built
 6 Woodland
[[ 6  7  7  7 11 11 11 11 11 11 11]
 [11 11 11 11 11  7  7 11 11 11 11]
 [11 11 11 11 11 11 11  7  7 11 11]
 [ 6  7  7 11 11 11 11 13 13 13 11]
 [ 1  6  6 11  7  7 11  7  7 13 11]
 [ 1  1  6 11  7  7 11  7  7 13 11]
 [ 6  6  6  7  7 11 11 11 11 13 11]
 [11 11  7  6  6  7  7  7 11  7  7]
 [11 11  7  6  6  6  7  7  7  7  7]
 [ 7 11 11 11  7  6  6  6  6  6  6]
 [11 11  7  7  7  7  7  7  6  6  6]]


LAT LON Lat 44.2 Lon 17.92
==> 13 Urban and Built <==
 1 Evergreen Needleleaf Forest
11 Cropland
 6 Woodland
 7 Wooded Grassland
[[ 6 11 11 11  7  7  7  6  6  6  7]
 [11 11 11 11 11 11 11  7  7  7  7]
 [11  7  7 11 11 11 11  7  7  7  7]
 [11 11 11  7  7 11 11 11 11  7  6]
 [11 11 11 13 13 13 11 11 11 11 11]
 [ 7  7 11  7  7 13 11 11 11  7  7]
 [ 7  7 11  7  7 13 11 11 11  7  7]
 [ 7 11 11 11 11 13 11 11  7 11 11]
 [ 6  7  7  7 11  7  7  7  7  7  6]
 [ 6  6  7  7  7  7  7  1  1  1  1]
 [ 7  6  6  6  6  6  6  6  6  6  1]]


LAT LON Lat 42.59 Lon 23.11
==> 10 Grassland <==
11 Cropland
 6 Woodland
 7 Wooded Grassland
[[11 10 10 11 11 11 11 11 11 11 11]
 [10 10 10 10 11 11 11 11 11 11 11]
 [10 10 10 10 11 11 11 11 11 11 11]
 [10 10 10 10 10 11 10 11 11 11 11]
 [10 10 10 10 10 10 10 10 10 11 11]
 [10 10 10 10 10 10 10 10 11 11 11]
 [ 7  7 11 10 10 11 10 10 11 11 11]
 [ 7  7 11 10 10 11 10 10 11 11 11]
 [ 6  7 10 11 11 11 11 11 11 10 10]
 [11 11 11 11 11 11 11 11 11 11 11]
 [ 7  7 11 11 11 11 11 11 11 10 10]]


LAT LON Lat 37.469 Lon 16.742
==>  0 Water <==

[[0 0 0 0 0 0 0 0 0 0 0]
 [0 0 0 0 0 0 0 0 0 0 0]
 [0 0 0 0 0 0 0 0 0 0 0]
 [0 0 0 0 0 0 0 0 0 0 0]
 [0 0 0 0 0 0 0 0 0 0 0]
 [0 0 0 0 0 0 0 0 0 0 0]
 [0 0 0 0 0 0 0 0 0 0 0]
 [0 0 0 0 0 0 0 0 0 0 0]
 [0 0 0 0 0 0 0 0 0 0 0]
 [0 0 0 0 0 0 0 0 0 0 0]
 [0 0 0 0 0 0 0 0 0 0 0]]


LAT LON Lat 39.19 Lon 6.25
==>  0 Water <==

[[0 0 0 0 0 0 0 0 0 0 0]
 [0 0 0 0 0 0 0 0 0 0 0]
 [0 0 0 0 0 0 0 0 0 0 0]
 [0 0 0 0 0 0 0 0 0 0 0]
 [0 0 0 0 0 0 0 0 0 0 0]
 [0 0 0 0 0 0 0 0 0 0 0]
 [0 0 0 0 0 0 0 0 0 0 0]
 [0 0 0 0 0 0 0 0 0 0 0]
 [0 0 0 0 0 0 0 0 0 0 0]
 [0 0 0 0 0 0 0 0 0 0 0]
 [0 0 0 0 0 0 0 0 0 0 0]]


LAT LON Lat 36.35 Lon 28.94
==>  0 Water <==

[[0 0 0 0 0 0 0 0 0 0 0]
 [0 0 0 0 0 0 0 0 0 0 0]
 [0 0 0 0 0 0 0 0 0 0 0]
 [0 0 0 0 0 0 0 0 0 0 0]
 [0 0 0 0 0 0 0 0 0 0 0]
 [0 0 0 0 0 0 0 0 0 0 0]
 [0 0 0 0 0 0 0 0 0 0 0]
 [0 0 0 0 0 0 0 0 0 0 0]
 [0 0 0 0 0 0 0 0 0 0 0]
 [0 0 0 0 0 0 0 0 0 0 0]
 [0 0 0 0 0 0 0 0 0 0 0]]


LAT LON Lat 41.24 Lon 20.9
==> 11 Cropland <==
 4 Deciduous Broadleaf Forest
 5 Mixed Forest
 6 Woodland
 7 Wooded Grassland
[[11 11 11 11 11 11 11 11 11 11  7]
 [11 11 11 11 11 11 11 11 11 11 11]
 [11  7  7 11  6  6  6 11  7  7  7]
 [ 7 11 11  6  6  6  6  4  6  6  4]
 [ 7 11 11 11  7  7  6  6  6  6  5]
 [11 11 11 11 11 11 11  7  7  7  7]
 [11 11 11 11 11 11 11  7  7  7  6]
 [ 7  7 11 11 11 11 11  6  6 11  7]
 [ 7  7 11 11 11 11 11  6  6 11  7]
 [11 11  7  7  7 11 11 11  7  7 11]
 [11 11  7  7  7 11  7  7  7  7  7]]


LAT LON Lat 44.899 Lon 10.943
==> 11 Cropland <==
10 Grassland
 6 Woodland
[[11 11 11 11 11 11 11 11 11 11 11]
 [11 11 11 11 11 11 11 11 11 11 11]
 [11 11 11 11 11 11 11 11 11 11 11]
 [11 11 11 11 11 11 11 11 11 11 11]
 [11 11 11  6 11 11  6 11 11 11 11]
 [11 11 11  6  6 11  6  6 11 11 11]
 [11 11 11 11 11 11  6  6 11 11 11]
 [11 11 11 11  6  6  6  6 11 11 11]
 [ 6 11  6  6  6  6  6  6  6  6  6]
 [11 11 11 11 11 11  6  6  6  6  6]
 [11 11 11 11 10 10  6  6  6  6  6]]


LAT LON Lat 44.879 Lon 10.947
==>  6 Woodland <==
10 Grassland
11 Cropland
 5 Mixed Forest
[[11 11 11 11 11 11 11 11 11 11 11]
 [11 11 11 11 11 11 11 11 11 11 11]
 [11 11 11  6 11 11  6 11 11 11 11]
 [11 11 11  6  6 11  6  6 11 11 11]
 [11 11 11 11 11 11  6  6 11 11 11]
 [11 11 11 11  6  6  6  6 11 11 11]
 [ 6 11  6  6  6  6  6  6  6  6  6]
 [11 11 11 11 11 11  6  6  6  6  6]
 [11 11 11 11 10 10  6  6  6  6  6]
 [11 11 11 11 11 11  6  6  6  6  5]
 [11 11 11 11 11 11 11 11  5  6  6]]


LAT LON Lat 44.873 Lon 10.95
==>  6 Woodland <==
10 Grassland
11 Cropland
 5 Mixed Forest
[[11 11 11 11 11 11 11 11 11 11 11]
 [11 11  6 11 11  6 11 11 11 11 11]
 [11 11  6  6 11  6  6 11 11 11 11]
 [11 11 11 11 11  6  6 11 11 11 11]
 [11 11 11  6  6  6  6 11 11 11  6]
 [11  6  6  6  6  6  6  6  6  6  6]
 [11 11 11 11 11  6  6  6  6  6  6]
 [11 11 11 10 10  6  6  6  6  6  6]
 [11 11 11 11 11  6  6  6  6  5  5]
 [11 11 11 11 11 11 11  5  6  6  6]
 [11 11 11 11 11 11 11 11  5  5  6]]


LAT LON Lat 44.888 Lon 11.008
==> 11 Cropland <==
10 Grassland
 5 Mixed Forest
 6 Woodland
[[11 11 11 11 11 11 11 11 11 11 11]
 [11 11 11 11 11 11 11 11 11 11 11]
 [11 11 11 11 11 11 11 11 11 11 11]
 [11 11 11 11 11 11 11 11 11 11 11]
 [ 6 11 11 11 11 11 11 11 11 11 11]
 [ 6 11 11 11 11 11 11 11 11 11 11]
 [ 6 11 11 11  6  6  6 11 11 11 10]
 [ 6  6  6  6  6  6  6  6  6  6 10]
 [ 6  6  6  6  6  6  6 11 11 11 11]
 [ 6  6  6  6  6  6 11 11  6 11 11]
 [ 6  6  6  5  5  6 11 11  6 11 11]]


LAT LON Lat 44.854 Lon 11.106
==> 11 Cropland <==
10 Grassland
 6 Woodland
[[11 11 11 11 11 11 11 11 11 11 11]
 [11 11 11 11 11 11 11 11 11 11 11]
 [11 11 11 11 11 11 11 11 11 11 11]
 [11 10 10 11 11 11 11 11 11 11 11]
 [11 11 11 11 11 11 11  6  6 11 11]
 [11 11 11 11 11 11 11 11  6 11 11]
 [11 11 11 11 11 11 11 11 11 11 11]
 [11 10 11 11 11  6 11 11 11 11 11]
 [11 10 11 11 11 11 11 11 11 11 11]
 [11  6 11 11 11 11 11 11 11 11 11]
 [11  6  6 11 11 11 11 11 11 11  6]]


LAT LON Lat 44.851 Lon 11.086
==> 11 Cropland <==
10 Grassland
 6 Woodland
[[11 11 11 11 11 11 11 11 11 11 11]
 [11 11 11 11 11 11 11 11 11 11 11]
 [10 11 11 11 11 11 11 11 11 11 11]
 [10 10 11 10 10 11 11 11 11 11 11]
 [11 11 11 11 11 11 11 11 11  6  6]
 [11 11 11 11 11 11 11 11 11 11  6]
 [11 11 11 11 11 11 11 11 11 11 11]
 [11 11 11 10 11 11 11  6 11 11 11]
 [11 11 11 10 11 11 11 11 11 11 11]
 [11 11 11  6 11 11 11 11 11 11 11]
 [11 11 11  6  6 11 11 11 11 11 11]]


LAT LON Lat 42.66 Lon 23.01
==> 11 Cropland <==
10 Grassland
13 Urban and Built
 7 Wooded Grassland
[[11 11 11 11 11 11 11 11 11 11 11]
 [11 10 10 11 11 11 11 11 11 11 11]
 [ 7 11 11 10  7  7 11 11 11 11 11]
 [11 11 11 11 11 11 11 11 11 11 10]
 [11 11 11 11 11 11 11 11 11 11 10]
 [11 11 11 11 11 11 11 11 11 11 11]
 [10 10 11 10 11 11 11 11 11 11 11]
 [11 11 11 11 11 11  7 11 11 11 11]
 [11 11 11 11 11 11 11 11 11 11 11]
 [11 11 11 11 11 11 11 11 11 11 11]
 [11 11 11 11 11 11 11 11 10 13 13]]


LAT LON Lat 44.831 Lon 11.49
==> 11 Cropland <==

[[11 11 11 11 11 11 11 11 11 11 11]
 [11 11 11 11 11 11 11 11 11 11 11]
 [11 11 11 11 11 11 11 11 11 11 11]
 [11 11 11 11 11 11 11 11 11 11 11]
 [11 11 11 11 11 11 11 11 11 11 11]
 [11 11 11 11 11 11 11 11 11 11 11]
 [11 11 11 11 11 11 11 11 11 11 11]
 [11 11 11 11 11 11 11 11 11 11 11]
 [11 11 11 11 11 11 11 11 11 11 11]
 [11 11 11 11 11 11 11 11 11 11 11]
 [11 11 11 11 11 11 11 11 11 11 11]]


LAT LON Lat 44.86 Lon 11.095
==> 11 Cropland <==
10 Grassland
 6 Woodland
[[11 11 11 11 11 11 11 11 11 11 11]
 [11 11 11 11 11 11 11 11 11 11 11]
 [11 11 11 11 11 11 11 11 11 11 11]
 [11 11 11 11 11 11 11 11 11 11 11]
 [10 11 10 10 11 11 11 11 11 11 11]
 [11 11 11 11 11 11 11 11  6  6 11]
 [11 11 11 11 11 11 11 11 11  6 11]
 [11 11 11 11 11 11 11 11 11 11 11]
 [11 11 10 11 11 11  6 11 11 11 11]
 [11 11 10 11 11 11 11 11 11 11 11]
 [11 11  6 11 11 11 11 11 11 11 11]]


LAT LON Lat 44.86 Lon 11.095
==> 11 Cropland <==
10 Grassland
 6 Woodland
[[11 11 11 11 11 11 11 11 11 11 11]
 [11 11 11 11 11 11 11 11 11 11 11]
 [11 11 11 11 11 11 11 11 11 11 11]
 [11 11 11 11 11 11 11 11 11 11 11]
 [10 11 10 10 11 11 11 11 11 11 11]
 [11 11 11 11 11 11 11 11  6  6 11]
 [11 11 11 11 11 11 11 11 11  6 11]
 [11 11 11 11 11 11 11 11 11 11 11]
 [11 11 10 11 11 11  6 11 11 11 11]
 [11 11 10 11 11 11 11 11 11 11 11]
 [11 11  6 11 11 11 11 11 11 11 11]]


LAT LON Lat 44.863 Lon 11.37
==> 11 Cropland <==

[[11 11 11 11 11 11 11 11 11 11 11]
 [11 11 11 11 11 11 11 11 11 11 11]
 [11 11 11 11 11 11 11 11 11 11 11]
 [11 11 11 11 11 11 11 11 11 11 11]
 [11 11 11 11 11 11 11 11 11 11 11]
 [11 11 11 11 11 11 11 11 11 11 11]
 [11 11 11 11 11 11 11 11 11 11 11]
 [11 11 11 11 11 11 11 11 11 11 11]
 [11 11 11 11 11 11 11 11 11 11 11]
 [11 11 11 11 11 11 11 11 11 11 11]
 [11 11 11 11 11 11 11 11 11 11 11]]


LAT LON Lat 44.886 Lon 11.189
==> 11 Cropland <==
 6 Woodland
[[11 11 11 11 11 11 11 11 11 11 11]
 [11 11 11 11 11 11 11 11 11 11 11]
 [11 11 11 11 11 11 11 11 11 11 11]
 [11 11 11 11 11 11 11 11 11 11 11]
 [11 11 11 11 11 11 11 11 11 11 11]
 [11 11 11 11 11 11 11 11 11 11 11]
 [11 11 11 11 11 11 11 11 11 11 11]
 [11 11 11 11 11 11 11 11 11 11 11]
 [11 11  6 11 11 11 11 11 11 11 11]
 [11 11 11 11 11 11 11 11 11 11 11]
 [11 11 11 11 11 11 11 11 11 11 11]]


LAT LON Lat 44.89 Lon 11.23
==> 11 Cropland <==
10 Grassland
[[11 11 11 11 11 11 11 11 11 10 11]
 [11 11 11 11 11 11 11 11 11 11 11]
 [11 11 11 11 11 11 11 11 11 11 11]
 [11 11 11 11 11 11 11 11 11 11 11]
 [11 11 11 11 11 11 11 11 11 11 11]
 [11 11 11 11 11 11 11 11 11 11 11]
 [11 11 11 11 11 11 11 11 11 11 11]
 [11 11 11 11 11 11 11 11 11 11 11]
 [11 11 11 11 11 11 10 11 11 11 11]
 [11 11 11 11 11 11 11 11 11 11 11]
 [11 11 11 11 11 11 11 11 11 11 11]]


LAT LON Lat 44.887 Lon 11.237
==> 11 Cropland <==
10 Grassland
[[11 11 11 11 11 11 11 11 10 11 10]
 [11 11 11 11 11 11 11 11 11 11 11]
 [11 11 11 11 11 11 11 11 11 11 11]
 [11 11 11 11 11 11 11 11 11 11 11]
 [11 11 11 11 11 11 11 11 11 11 11]
 [11 11 11 11 11 11 11 11 11 11 11]
 [11 11 11 11 11 11 11 11 11 11 11]
 [11 11 11 11 11 11 11 11 11 11 11]
 [11 11 11 11 11 10 11 11 11 11 11]
 [11 11 11 11 11 11 11 11 11 11 11]
 [11 11 11 11 11 11 11 11 11 11 11]]


LAT LON Lat 34.73 Lon 25.4
==>  0 Water <==

[[0 0 0 0 0 0 0 0 0 0 0]
 [0 0 0 0 0 0 0 0 0 0 0]
 [0 0 0 0 0 0 0 0 0 0 0]
 [0 0 0 0 0 0 0 0 0 0 0]
 [0 0 0 0 0 0 0 0 0 0 0]
 [0 0 0 0 0 0 0 0 0 0 0]
 [0 0 0 0 0 0 0 0 0 0 0]
 [0 0 0 0 0 0 0 0 0 0 0]
 [0 0 0 0 0 0 0 0 0 0 0]
 [0 0 0 0 0 0 0 0 0 0 0]
 [0 0 0 0 0 0 0 0 0 0 0]]


LAT LON Lat 36.68 Lon 21.74
==>  0 Water <==
10 Grassland
[[ 0  0  0  0  0  0  0  0 10 10 10]
 [ 0  0  0  0  0  0  0  0 10 10 10]
 [ 0  0  0  0  0  0  0  0  0  0  0]
 [ 0  0  0  0  0  0  0  0  0  0  0]
 [ 0  0  0  0  0  0  0  0  0  0  0]
 [ 0  0  0  0  0  0  0  0  0  0  0]
 [ 0  0  0  0  0  0  0  0  0  0  0]
 [ 0  0  0  0  0  0  0  0  0  0  0]
 [ 0  0  0  0  0  0  0  0  0  0  0]
 [ 0  0  0  0  0  0  0  0  0  0  0]
 [ 0  0  0  0  0  0  0  0  0  0  0]]


LAT LON Lat 36.53 Lon 21.55
==>  0 Water <==

[[0 0 0 0 0 0 0 0 0 0 0]
 [0 0 0 0 0 0 0 0 0 0 0]
 [0 0 0 0 0 0 0 0 0 0 0]
 [0 0 0 0 0 0 0 0 0 0 0]
 [0 0 0 0 0 0 0 0 0 0 0]
 [0 0 0 0 0 0 0 0 0 0 0]
 [0 0 0 0 0 0 0 0 0 0 0]
 [0 0 0 0 0 0 0 0 0 0 0]
 [0 0 0 0 0 0 0 0 0 0 0]
 [0 0 0 0 0 0 0 0 0 0 0]
 [0 0 0 0 0 0 0 0 0 0 0]]


LAT LON Lat 36.78 Lon 21.65
==>  0 Water <==

[[0 0 0 0 0 0 0 0 0 0 0]
 [0 0 0 0 0 0 0 0 0 0 0]
 [0 0 0 0 0 0 0 0 0 0 0]
 [0 0 0 0 0 0 0 0 0 0 0]
 [0 0 0 0 0 0 0 0 0 0 0]
 [0 0 0 0 0 0 0 0 0 0 0]
 [0 0 0 0 0 0 0 0 0 0 0]
 [0 0 0 0 0 0 0 0 0 0 0]
 [0 0 0 0 0 0 0 0 0 0 0]
 [0 0 0 0 0 0 0 0 0 0 0]
 [0 0 0 0 0 0 0 0 0 0 0]]


LAT LON Lat 41.779 Lon 19.342
==>  0 Water <==

[[0 0 0 0 0 0 0 0 0 0 0]
 [0 0 0 0 0 0 0 0 0 0 0]
 [0 0 0 0 0 0 0 0 0 0 0]
 [0 0 0 0 0 0 0 0 0 0 0]
 [0 0 0 0 0 0 0 0 0 0 0]
 [0 0 0 0 0 0 0 0 0 0 0]
 [0 0 0 0 0 0 0 0 0 0 0]
 [0 0 0 0 0 0 0 0 0 0 0]
 [0 0 0 0 0 0 0 0 0 0 0]
 [0 0 0 0 0 0 0 0 0 0 0]
 [0 0 0 0 0 0 0 0 0 0 0]]


LAT LON Lat 39.46 Lon 20.53
==> 10 Grassland <==
 1 Evergreen Needleleaf Forest
11 Cropland
 6 Woodland
 7 Wooded Grassland
[[ 7  7  7 10 10 10  7  7  7  7  6]
 [11 11 11 10  7  7  7  7  7  7  7]
 [11 11 11 11 11 11  7  7  7  7  7]
 [10 10 11  6  6  6  6  7  7  7  7]
 [11 11 11 11 11 11  1  7  7  6  6]
 [11 11 11 10 10 10 10 10 11 10  7]
 [11 11 11 11 11 11 11 11 10  1  1]
 [10 11 11 11 11 11 11 11 10 10 10]
 [11 11 11 11 11 11 11 11 11 10 10]
 [11 10 10 11 11 11 11 11 10 10  7]
 [11 11 11 11 11 11 11 11  7  7  7]]


LAT LON Lat 36.01 Lon 24.25
==>  0 Water <==

[[0 0 0 0 0 0 0 0 0 0 0]
 [0 0 0 0 0 0 0 0 0 0 0]
 [0 0 0 0 0 0 0 0 0 0 0]
 [0 0 0 0 0 0 0 0 0 0 0]
 [0 0 0 0 0 0 0 0 0 0 0]
 [0 0 0 0 0 0 0 0 0 0 0]
 [0 0 0 0 0 0 0 0 0 0 0]
 [0 0 0 0 0 0 0 0 0 0 0]
 [0 0 0 0 0 0 0 0 0 0 0]
 [0 0 0 0 0 0 0 0 0 0 0]
 [0 0 0 0 0 0 0 0 0 0 0]]


LAT LON Lat 40.13 Lon 24.06
==>  0 Water <==

[[0 0 0 0 0 0 0 0 0 0 0]
 [0 0 0 0 0 0 0 0 0 0 0]
 [0 0 0 0 0 0 0 0 0 0 0]
 [0 0 0 0 0 0 0 0 0 0 0]
 [0 0 0 0 0 0 0 0 0 0 0]
 [0 0 0 0 0 0 0 0 0 0 0]
 [0 0 0 0 0 0 0 0 0 0 0]
 [0 0 0 0 0 0 0 0 0 0 0]
 [0 0 0 0 0 0 0 0 0 0 0]
 [0 0 0 0 0 0 0 0 0 0 0]
 [0 0 0 0 0 0 0 0 0 0 0]]


LAT LON Lat 37.59 Lon 21.65
==> 11 Cropland <==
 1 Evergreen Needleleaf Forest
10 Grassland
 6 Woodland
 7 Wooded Grassland
[[10 11 10 11 11 10  7  7  7 10  7]
 [10  7  7 10 10 10 10 10  7  7  7]
 [ 7 11 11 11  7 10  7  7 10 10 10]
 [11 10 10 10 10 10  7  7 10 10 10]
 [11 11 10 10 10 11 11 11 10 10 10]
 [11 11 11 10 10 11 11 11 10 10 10]
 [11 11 11 11 11 11 11 11 11 11  7]
 [10 11 11  7  7  7  7  7 11 11 11]
 [11 11  7  7  6  6  7  6 11 11  6]
 [10 10 10 10  7  7  6  1  1  1  6]
 [ 7  7  6  6  6  6  6  6  6  6  6]]


LAT LON Lat 36.19 Lon 28.68
==>  0 Water <==

[[0 0 0 0 0 0 0 0 0 0 0]
 [0 0 0 0 0 0 0 0 0 0 0]
 [0 0 0 0 0 0 0 0 0 0 0]
 [0 0 0 0 0 0 0 0 0 0 0]
 [0 0 0 0 0 0 0 0 0 0 0]
 [0 0 0 0 0 0 0 0 0 0 0]
 [0 0 0 0 0 0 0 0 0 0 0]
 [0 0 0 0 0 0 0 0 0 0 0]
 [0 0 0 0 0 0 0 0 0 0 0]
 [0 0 0 0 0 0 0 0 0 0 0]
 [0 0 0 0 0 0 0 0 0 0 0]]


LAT LON Lat 40.13 Lon 24.09
==>  0 Water <==

[[0 0 0 0 0 0 0 0 0 0 0]
 [0 0 0 0 0 0 0 0 0 0 0]
 [0 0 0 0 0 0 0 0 0 0 0]
 [0 0 0 0 0 0 0 0 0 0 0]
 [0 0 0 0 0 0 0 0 0 0 0]
 [0 0 0 0 0 0 0 0 0 0 0]
 [0 0 0 0 0 0 0 0 0 0 0]
 [0 0 0 0 0 0 0 0 0 0 0]
 [0 0 0 0 0 0 0 0 0 0 0]
 [0 0 0 0 0 0 0 0 0 0 0]
 [0 0 0 0 0 0 0 0 0 0 0]]


LAT LON Lat 36.03 Lon 25.06
==>  0 Water <==

[[0 0 0 0 0 0 0 0 0 0 0]
 [0 0 0 0 0 0 0 0 0 0 0]
 [0 0 0 0 0 0 0 0 0 0 0]
 [0 0 0 0 0 0 0 0 0 0 0]
 [0 0 0 0 0 0 0 0 0 0 0]
 [0 0 0 0 0 0 0 0 0 0 0]
 [0 0 0 0 0 0 0 0 0 0 0]
 [0 0 0 0 0 0 0 0 0 0 0]
 [0 0 0 0 0 0 0 0 0 0 0]
 [0 0 0 0 0 0 0 0 0 0 0]
 [0 0 0 0 0 0 0 0 0 0 0]]


LAT LON Lat 44.523 Lon 10.009
==>  5 Mixed Forest <==
 1 Evergreen Needleleaf Forest
11 Cropland
 4 Deciduous Broadleaf Forest
 6 Woodland
 7 Wooded Grassland
[[ 6  1  1  1  6  6  6  1  4  4  4]
 [ 6  6  4  4  6  6  6  6  7  7  4]
 [ 6  6  6  4  6  6  6  6  7  7  4]
 [ 4  4  4  4  5  5  5  7  7 11  4]
 [ 7  5  5  5  5  5  5  6  6  6  4]
 [ 5  5  5  5  5  5  1  1  5  4  4]
 [ 6  6  6  4  4  6  4  4  4  4  4]
 [ 7 11  7  7  5  5  5  4  4  4  4]
 [ 7  6  7  7  6  4  4  4  4  4  4]
 [ 4  5  5  5  4  4  4  4  4  4  5]
 [ 5  4  4  4  4  4  4  4  4  4  5]]


LAT LON Lat 36.04 Lon 25.06
==>  0 Water <==

[[0 0 0 0 0 0 0 0 0 0 0]
 [0 0 0 0 0 0 0 0 0 0 0]
 [0 0 0 0 0 0 0 0 0 0 0]
 [0 0 0 0 0 0 0 0 0 0 0]
 [0 0 0 0 0 0 0 0 0 0 0]
 [0 0 0 0 0 0 0 0 0 0 0]
 [0 0 0 0 0 0 0 0 0 0 0]
 [0 0 0 0 0 0 0 0 0 0 0]
 [0 0 0 0 0 0 0 0 0 0 0]
 [0 0 0 0 0 0 0 0 0 0 0]
 [0 0 0 0 0 0 0 0 0 0 0]]


LAT LON Lat 36.07 Lon 25.07
==>  0 Water <==

[[0 0 0 0 0 0 0 0 0 0 0]
 [0 0 0 0 0 0 0 0 0 0 0]
 [0 0 0 0 0 0 0 0 0 0 0]
 [0 0 0 0 0 0 0 0 0 0 0]
 [0 0 0 0 0 0 0 0 0 0 0]
 [0 0 0 0 0 0 0 0 0 0 0]
 [0 0 0 0 0 0 0 0 0 0 0]
 [0 0 0 0 0 0 0 0 0 0 0]
 [0 0 0 0 0 0 0 0 0 0 0]
 [0 0 0 0 0 0 0 0 0 0 0]
 [0 0 0 0 0 0 0 0 0 0 0]]


LAT LON Lat 44.871 Lon 10.51
==> 11 Cropland <==
 0 Water
10 Grassland
 7 Wooded Grassland
[[11 11 11 11 11 11 11  0  0  0  0]
 [11 11 11 11 11 11 10 11 11 11  7]
 [11 11 11 11 11 11 10 10 11 11 11]
 [11 11 11 11 11 10 10 10 10 10 10]
 [11 11 11 11 11 11 11 11 11 11 11]
 [11 11 11 11 11 11 11 11 11 11 11]
 [11 11 11 11 11 11 11 11 11 11 11]
 [11 11 11 11 11 11 11 11 11 11 11]
 [11 11 11 11 11 11 11 11 11 11 11]
 [11 11 11 11 11 11 11 11 11 11 11]
 [11 11 11 11 11 11 11 11 11 11 11]]


LAT LON Lat 35.976 Lon 12.652
==>  0 Water <==

[[0 0 0 0 0 0 0 0 0 0 0]
 [0 0 0 0 0 0 0 0 0 0 0]
 [0 0 0 0 0 0 0 0 0 0 0]
 [0 0 0 0 0 0 0 0 0 0 0]
 [0 0 0 0 0 0 0 0 0 0 0]
 [0 0 0 0 0 0 0 0 0 0 0]
 [0 0 0 0 0 0 0 0 0 0 0]
 [0 0 0 0 0 0 0 0 0 0 0]
 [0 0 0 0 0 0 0 0 0 0 0]
 [0 0 0 0 0 0 0 0 0 0 0]
 [0 0 0 0 0 0 0 0 0 0 0]]


LAT LON Lat 43.286 Lon 19.586
==>  1 Evergreen Needleleaf Forest <==
 4 Deciduous Broadleaf Forest
 5 Mixed Forest
 6 Woodland
 7 Wooded Grassland
[[4 1 7 6 6 4 4 4 4 5 5]
 [5 1 7 7 4 4 4 4 1 5 5]
 [5 5 4 4 4 4 4 4 5 5 5]
 [5 5 4 4 4 4 4 4 6 6 6]
 [5 5 4 4 4 4 4 4 1 1 7]
 [5 5 5 5 4 1 1 4 4 4 4]
 [5 1 1 1 1 1 4 5 4 4 6]
 [1 1 1 5 5 5 4 4 4 7 4]
 [1 5 5 6 1 1 4 4 4 4 5]
 [1 1 5 6 1 1 4 4 4 4 5]
 [5 5 5 5 5 5 5 4 4 4 4]]


LAT LON Lat 38.42 Lon 21.82
==> 10 Grassland <==
 1 Evergreen Needleleaf Forest
11 Cropland
 6 Woodland
 7 Wooded Grassland
[[ 6  7  7  7  7 11  7  7  7  7 10]
 [ 1  6  7  7  7 11  7  7  7 10 10]
 [ 7  6  6  6  7  7  7  6  6 11 11]
 [10  7  7  7  7  7  7  7  7  7  7]
 [11 10 10 10  7  6  6 10 10 10  7]
 [10 11 11 10 10 10  7 10 11 11  7]
 [10 10 11 10  6  6  7 10  7  7  7]
 [10 10 11 10 10 10  7 11 11 10 11]
 [10 10 10 11 11 11 10 11 11 11 11]
 [ 7  7 10 11 11 11 10 11 11 11 11]
 [ 6  7 10 11 11 11 10 11 11 11 11]]


LAT LON Lat 39.2 Lon 21.62
==>  6 Woodland <==
 1 Evergreen Needleleaf Forest
10 Grassland
11 Cropland
 7 Wooded Grassland
[[ 1  6  6  6  1  1  1  6  6  6  1]
 [ 7  7  6  6  1  1  6 11 11  6  1]
 [ 6  6  1  6  6  7  7  7  7  1  1]
 [ 1  1  1  6  6  6  6  7  7  7  1]
 [ 6  1  6  1  1  1 10 10  7  7  6]
 [ 6  1  1  1  1  6  7  7  7  7  7]
 [ 6  1  1  1  1  6  7  7  6  7  7]
 [ 6  1  1  1  6  7  7  7  7  7  7]
 [ 6  1  1  1  6  7  7  7  7  7  7]
 [ 6  1  1  6  7  6  6  7  7  7  7]
 [ 1  1  1  6  6  7  7  7 10 10  7]]


LAT LON Lat 45.58 Lon 26.53
==>  5 Mixed Forest <==
 1 Evergreen Needleleaf Forest
 4 Deciduous Broadleaf Forest
 6 Woodland
 7 Wooded Grassland
[[5 5 5 5 5 5 5 5 5 5 5]
 [5 5 5 5 5 5 5 5 5 5 5]
 [5 5 5 5 5 5 5 5 5 5 5]
 [5 5 5 5 5 5 5 5 5 5 5]
 [1 1 5 5 5 5 5 5 5 5 5]
 [5 5 5 5 5 5 5 5 5 5 5]
 [5 5 5 5 5 5 5 5 5 5 5]
 [5 5 5 5 5 6 6 1 5 5 5]
 [1 1 5 5 5 5 5 6 5 5 5]
 [1 1 5 5 4 6 6 6 5 5 5]
 [5 5 5 5 5 6 6 7 6 6 6]]


LAT LON Lat 34.22 Lon 23.67
==>  0 Water <==

[[0 0 0 0 0 0 0 0 0 0 0]
 [0 0 0 0 0 0 0 0 0 0 0]
 [0 0 0 0 0 0 0 0 0 0 0]
 [0 0 0 0 0 0 0 0 0 0 0]
 [0 0 0 0 0 0 0 0 0 0 0]
 [0 0 0 0 0 0 0 0 0 0 0]
 [0 0 0 0 0 0 0 0 0 0 0]
 [0 0 0 0 0 0 0 0 0 0 0]
 [0 0 0 0 0 0 0 0 0 0 0]
 [0 0 0 0 0 0 0 0 0 0 0]
 [0 0 0 0 0 0 0 0 0 0 0]]


LAT LON Lat 39.79 Lon 25.67
==>  0 Water <==

[[0 0 0 0 0 0 0 0 0 0 0]
 [0 0 0 0 0 0 0 0 0 0 0]
 [0 0 0 0 0 0 0 0 0 0 0]
 [0 0 0 0 0 0 0 0 0 0 0]
 [0 0 0 0 0 0 0 0 0 0 0]
 [0 0 0 0 0 0 0 0 0 0 0]
 [0 0 0 0 0 0 0 0 0 0 0]
 [0 0 0 0 0 0 0 0 0 0 0]
 [0 0 0 0 0 0 0 0 0 0 0]
 [0 0 0 0 0 0 0 0 0 0 0]
 [0 0 0 0 0 0 0 0 0 0 0]]


LAT LON Lat 37.2 Lon 22.05
==> 10 Grassland <==
 8 Closed Shrubland
11 Cropland
 6 Woodland
 7 Wooded Grassland
[[10  7  7  7  6  6  6  7  6  6  6]
 [11  7  7  8  6  6  6  7  6  6  6]
 [11 11  8  6  7  7 11  7  7  7  6]
 [11 11  6  6 11 11 11 11 11 11  6]
 [ 6  6  6  6  7  7 11 11 11 11  6]
 [11 11  7  7  7 10 11 11 11 11  6]
 [10  7  7  7  7  7  6  6  6 11 11]
 [ 7  7  7  7  7  7  6 11 11 11 11]
 [11 11  7 10 10  7 10 10 11 11  7]
 [11 11 11 11  7 10  7  7 11  7  7]
 [11 11  7  7  7  7 11 11  6 11  6]]


LAT LON Lat 34.24 Lon 23.73
==>  0 Water <==

[[0 0 0 0 0 0 0 0 0 0 0]
 [0 0 0 0 0 0 0 0 0 0 0]
 [0 0 0 0 0 0 0 0 0 0 0]
 [0 0 0 0 0 0 0 0 0 0 0]
 [0 0 0 0 0 0 0 0 0 0 0]
 [0 0 0 0 0 0 0 0 0 0 0]
 [0 0 0 0 0 0 0 0 0 0 0]
 [0 0 0 0 0 0 0 0 0 0 0]
 [0 0 0 0 0 0 0 0 0 0 0]
 [0 0 0 0 0 0 0 0 0 0 0]
 [0 0 0 0 0 0 0 0 0 0 0]]


LAT LON Lat 36.87 Lon 26.58
==>  0 Water <==

[[0 0 0 0 0 0 0 0 0 0 0]
 [0 0 0 0 0 0 0 0 0 0 0]
 [0 0 0 0 0 0 0 0 0 0 0]
 [0 0 0 0 0 0 0 0 0 0 0]
 [0 0 0 0 0 0 0 0 0 0 0]
 [0 0 0 0 0 0 0 0 0 0 0]
 [0 0 0 0 0 0 0 0 0 0 0]
 [0 0 0 0 0 0 0 0 0 0 0]
 [0 0 0 0 0 0 0 0 0 0 0]
 [0 0 0 0 0 0 0 0 0 0 0]
 [0 0 0 0 0 0 0 0 0 0 0]]


LAT LON Lat 37.96 Lon 21.68
==> 11 Cropland <==
 8 Closed Shrubland
10 Grassland
 6 Woodland
 7 Wooded Grassland
[[ 7  7  7  7  7  7  7  7  7  7  7]
 [ 7  7  7  7  7  7  7  7  7  6  7]
 [ 7  7  7  7  7 10 10 10 10  7  7]
 [10 10  7  7  7  7  7 11 11 10 10]
 [10  7  7  7  7 10 10 10  7 10 10]
 [10  7  7  7  7 11 11 11  7  7 11]
 [10  8  8 10 11 11 11 11 10 10  7]
 [10 10 10 10 11 11 11 11  7  7  7]
 [11 11 10 10 11 11 11 11 11  7  7]
 [10 10 10  7  7 10 11  7  7  7 10]
 [ 7 10 10  7  7 10 11  7  7  7 10]]


LAT LON Lat 38.4 Lon 21.83
==> 10 Grassland <==
 0 Water
11 Cropland
 6 Woodland
 7 Wooded Grassland
[[ 7  7  7  7  7  7  7  7  7  7  7]
 [10 10 10  7  6  6 10 10 10  7  7]
 [11 11 10 10 10  7 10 11 11  7  7]
 [10 11 10  6  6  7 10  7  7  7  7]
 [10 11 10 10 10  7 11 11 10 11 10]
 [10 10 11 11 11 10 11 11 11 11 11]
 [ 7 10 11 11 11 10 11 11 11 11 11]
 [ 7 10 11 11 11 10 11 11 11 11 11]
 [ 7 11 11 11  0  0  0  0  0 11 11]
 [ 7  0  0  0  0  0  0  0  0  0  0]
 [ 0  0  0  0  0  0  0  0  0  0  0]]


LAT LON Lat 37.366 Lon 20.072
==>  0 Water <==

[[0 0 0 0 0 0 0 0 0 0 0]
 [0 0 0 0 0 0 0 0 0 0 0]
 [0 0 0 0 0 0 0 0 0 0 0]
 [0 0 0 0 0 0 0 0 0 0 0]
 [0 0 0 0 0 0 0 0 0 0 0]
 [0 0 0 0 0 0 0 0 0 0 0]
 [0 0 0 0 0 0 0 0 0 0 0]
 [0 0 0 0 0 0 0 0 0 0 0]
 [0 0 0 0 0 0 0 0 0 0 0]
 [0 0 0 0 0 0 0 0 0 0 0]
 [0 0 0 0 0 0 0 0 0 0 0]]


LAT LON Lat 45.01 Lon 11.367
==> 11 Cropland <==
 0 Water
[[11 11 11 11 11 11 11 11 11 11 11]
 [11 11 11 11 11 11 11 11 11 11 11]
 [11 11 11 11 11 11 11 11 11 11 11]
 [11 11 11 11 11 11 11 11 11 11 11]
 [11 11 11 11 11 11 11 11 11 11 11]
 [11 11 11 11 11 11 11 11 11 11 11]
 [11 11 11 11 11 11 11 11 11 11 11]
 [ 0  0 11 11 11 11 11 11 11 11 11]
 [11 11  0  0  0 11 11 11 11 11 11]
 [11 11  0  0  0 11 11 11 11 11 11]
 [11 11 11 11 11  0  0  0  0  0 11]]


LAT LON Lat 40.14 Lon 29.96
==> 10 Grassland <==
 4 Deciduous Broadleaf Forest
 6 Woodland
 7 Wooded Grassland
 8 Closed Shrubland
 9 Open Shrubland
11 Cropland
[[ 6  6 10 10  6  6 10 10  6  6  6]
 [ 6  6  6  6  6  6  6  6  6  7  7]
 [ 6  6  6  6  6 10  6  6  6  6  6]
 [10  6 11 11  9  6  6  6  8  7  7]
 [ 7  6  9  9  9 10  8  8  6  7  7]
 [11  6  6  6 10 10 10 10 10 10 10]
 [11  6  6  6  6  9 10 10 10 10 10]
 [ 7  6 10 10 11  8 10 10  8 10 10]
 [ 7  6 10 10 10  6 11 11  8  8  8]
 [11  6  6  6  7  6  6  6  6 10 10]
 [ 4  6  6  6  6  6  6  6  8  6  6]]


LAT LON Lat 42.026 Lon 7.625
==>  0 Water <==

[[0 0 0 0 0 0 0 0 0 0 0]
 [0 0 0 0 0 0 0 0 0 0 0]
 [0 0 0 0 0 0 0 0 0 0 0]
 [0 0 0 0 0 0 0 0 0 0 0]
 [0 0 0 0 0 0 0 0 0 0 0]
 [0 0 0 0 0 0 0 0 0 0 0]
 [0 0 0 0 0 0 0 0 0 0 0]
 [0 0 0 0 0 0 0 0 0 0 0]
 [0 0 0 0 0 0 0 0 0 0 0]
 [0 0 0 0 0 0 0 0 0 0 0]
 [0 0 0 0 0 0 0 0 0 0 0]]


LAT LON Lat 36.49 Lon 26.69
==>  0 Water <==

[[0 0 0 0 0 0 0 0 0 0 0]
 [0 0 0 0 0 0 0 0 0 0 0]
 [0 0 0 0 0 0 0 0 0 0 0]
 [0 0 0 0 0 0 0 0 0 0 0]
 [0 0 0 0 0 0 0 0 0 0 0]
 [0 0 0 0 0 0 0 0 0 0 0]
 [0 0 0 0 0 0 0 0 0 0 0]
 [0 0 0 0 0 0 0 0 0 0 0]
 [0 0 0 0 0 0 0 0 0 0 0]
 [0 0 0 0 0 0 0 0 0 0 0]
 [0 0 0 0 0 0 0 0 0 0 0]]


LAT LON Lat 38.064 Lon 14.784
==>  1 Evergreen Needleleaf Forest <==
 4 Deciduous Broadleaf Forest
 5 Mixed Forest
 6 Woodland
 7 Wooded Grassland
10 Grassland
11 Cropland
[[ 7  7  7 11 11  6  7  7  7  6  1]
 [ 7  7 11 11 11  7  7  7 11  1  1]
 [11  7 11 11  7  6  6  6  1  7  7]
 [10  7  7  7  7 11 11  7  7  7  5]
 [ 1  1  7  7  7  7  6  5  6  6  6]
 [ 7  7 10 11  1  1  6  1  1 11  6]
 [ 6  6  7 11 11  7  1  5  5 11 11]
 [ 6  1 10 10 11  6  1  1  1  7  7]
 [ 6  1 10 10 11  6  1  1  1  7  7]
 [ 7  7  7  6  4  1  1  1 11  6  6]
 [ 7 10 10  6  1  1  1  5  6  6  6]]


LAT LON Lat 35.23 Lon 27.77
==>  0 Water <==

[[0 0 0 0 0 0 0 0 0 0 0]
 [0 0 0 0 0 0 0 0 0 0 0]
 [0 0 0 0 0 0 0 0 0 0 0]
 [0 0 0 0 0 0 0 0 0 0 0]
 [0 0 0 0 0 0 0 0 0 0 0]
 [0 0 0 0 0 0 0 0 0 0 0]
 [0 0 0 0 0 0 0 0 0 0 0]
 [0 0 0 0 0 0 0 0 0 0 0]
 [0 0 0 0 0 0 0 0 0 0 0]
 [0 0 0 0 0 0 0 0 0 0 0]
 [0 0 0 0 0 0 0 0 0 0 0]]


LAT LON Lat 34.75 Lon 29.08
==>  0 Water <==

[[0 0 0 0 0 0 0 0 0 0 0]
 [0 0 0 0 0 0 0 0 0 0 0]
 [0 0 0 0 0 0 0 0 0 0 0]
 [0 0 0 0 0 0 0 0 0 0 0]
 [0 0 0 0 0 0 0 0 0 0 0]
 [0 0 0 0 0 0 0 0 0 0 0]
 [0 0 0 0 0 0 0 0 0 0 0]
 [0 0 0 0 0 0 0 0 0 0 0]
 [0 0 0 0 0 0 0 0 0 0 0]
 [0 0 0 0 0 0 0 0 0 0 0]
 [0 0 0 0 0 0 0 0 0 0 0]]


LAT LON Lat 36.35 Lon 22.2
==>  0 Water <==

[[0 0 0 0 0 0 0 0 0 0 0]
 [0 0 0 0 0 0 0 0 0 0 0]
 [0 0 0 0 0 0 0 0 0 0 0]
 [0 0 0 0 0 0 0 0 0 0 0]
 [0 0 0 0 0 0 0 0 0 0 0]
 [0 0 0 0 0 0 0 0 0 0 0]
 [0 0 0 0 0 0 0 0 0 0 0]
 [0 0 0 0 0 0 0 0 0 0 0]
 [0 0 0 0 0 0 0 0 0 0 0]
 [0 0 0 0 0 0 0 0 0 0 0]
 [0 0 0 0 0 0 0 0 0 0 0]]


LAT LON Lat 39.12 Lon 29.04
==>  8 Closed Shrubland <==
 9 Open Shrubland
10 Grassland
11 Cropland
 6 Woodland
 7 Wooded Grassland
[[ 8  7 10 10 10 10 10 10  7  7  7]
 [10 10 10 10 10 10 10 10 10 10 10]
 [10  8  8 10 10 10 10 10 10 10 10]
 [ 8 10  8 10 10 10 10 10 10 10 10]
 [10  8  8  8  8 10  9  9 10 10 10]
 [ 8  8  8  8  8  8  8  8  8  8 10]
 [10 10 10  8  8  8  8  8  8  8  8]
 [10 10 10  8  8 10 10 10  8  8  8]
 [11 11 10 10 10 10  8  8  8  8  8]
 [ 6 11 11 11 10 10 10 10 10 10  7]
 [10 10 10 10 10  7 10 10 10  8 10]]


LAT LON Lat 37.94 Lon 21.13
==>  0 Water <==
10 Grassland
11 Cropland
 7 Wooded Grassland
[[ 0  0  0  0  0  0  0  0  0  0  0]
 [ 0  0  0  0  0  0  0  0  0  0  0]
 [ 0  0  0  0  0  0  0  0  0  0  0]
 [ 0  0  0  0  0  0  0  0  0  0  0]
 [ 0  0  0  0  0  0  0  0  0  0  0]
 [ 0  0  0  0  0  0  0  0  0  0  0]
 [ 0  0  0  0  0  0  7  7  7  0  0]
 [ 0  0  0  0  0  0  7  7  7  0  0]
 [ 0  0  0  0  0  0 10 10  7 11 11]
 [ 0  0  0  0  0  7  7  7 11 10 10]
 [ 0  0  0  0  0 10 10  7  7 10 10]]


LAT LON Lat 39.15 Lon 29.1
==> 11 Cropland <==
 8 Closed Shrubland
 1 Evergreen Needleleaf Forest
10 Grassland
 6 Woodland
 7 Wooded Grassland
[[ 1  6  1  1  1  6  6  6  7  7  7]
 [ 7  6  1  1  1  6  6  1  7  7  7]
 [ 7  6  1  1  1  6  6  1  7  7  7]
 [ 7  7  7  7  6  7  7  7  6  7  7]
 [10 10 10 10 10  7  7  6  7  7  7]
 [10 10 10 10 10 11 11 11  7  7  7]
 [10 10 10 10 10 10 10 10  7  7  7]
 [10 10 10 10 10 10 10  7  7  7  7]
 [ 8  8 10 10 10  8  8  7 10 10 10]
 [ 8  8  8  8 10 10 10 10  7  7  7]
 [ 8  8  8  8 10  7  7  7  7  6  6]]


LAT LON Lat 39.065 Lon 15.13
==>  0 Water <==

[[0 0 0 0 0 0 0 0 0 0 0]
 [0 0 0 0 0 0 0 0 0 0 0]
 [0 0 0 0 0 0 0 0 0 0 0]
 [0 0 0 0 0 0 0 0 0 0 0]
 [0 0 0 0 0 0 0 0 0 0 0]
 [0 0 0 0 0 0 0 0 0 0 0]
 [0 0 0 0 0 0 0 0 0 0 0]
 [0 0 0 0 0 0 0 0 0 0 0]
 [0 0 0 0 0 0 0 0 0 0 0]
 [0 0 0 0 0 0 0 0 0 0 0]
 [0 0 0 0 0 0 0 0 0 0 0]]


LAT LON Lat 36.7 Lon 27.24
==>  0 Water <==

[[0 0 0 0 0 0 0 0 0 0 0]
 [0 0 0 0 0 0 0 0 0 0 0]
 [0 0 0 0 0 0 0 0 0 0 0]
 [0 0 0 0 0 0 0 0 0 0 0]
 [0 0 0 0 0 0 0 0 0 0 0]
 [0 0 0 0 0 0 0 0 0 0 0]
 [0 0 0 0 0 0 0 0 0 0 0]
 [0 0 0 0 0 0 0 0 0 0 0]
 [0 0 0 0 0 0 0 0 0 0 0]
 [0 0 0 0 0 0 0 0 0 0 0]
 [0 0 0 0 0 0 0 0 0 0 0]]


LAT LON Lat 45.6 Lon 26.58
==>  5 Mixed Forest <==
 1 Evergreen Needleleaf Forest
 6 Woodland
[[5 5 5 5 5 5 5 5 5 5 5]
 [5 5 5 5 5 5 5 5 5 5 5]
 [5 5 5 5 5 5 5 5 5 5 5]
 [5 5 5 5 5 5 5 5 5 5 5]
 [5 5 5 5 5 5 5 5 5 5 5]
 [5 5 5 5 5 5 5 5 5 5 5]
 [5 5 5 5 5 5 5 5 5 5 5]
 [5 5 5 5 5 5 5 5 5 5 5]
 [5 5 5 5 5 5 5 5 5 5 5]
 [6 1 5 5 5 5 5 5 5 5 5]
 [5 6 5 5 5 5 5 5 1 1 5]]


LAT LON Lat 44.738 Lon 17.308
==> 11 Cropland <==
 1 Evergreen Needleleaf Forest
 4 Deciduous Broadleaf Forest
 5 Mixed Forest
 6 Woodland
 7 Wooded Grassland
10 Grassland
[[ 6  6  6  6  4  4  4  4  4  4  6]
 [ 6  6  6  4  4  4  4  7  7  4  4]
 [ 6  6  6  4  4  4  6  6  6  6  6]
 [ 6  6  5  4  4  4  1  1  6 11 11]
 [11 11  6 11 11  6  6  6  7 11 11]
 [ 6 11 11 11 11 11 11  7  7 10 10]
 [ 6  6  7  7  6 11 11  7 10 10 10]
 [ 6  6  7  7  6 11 11  7 10 10 10]
 [ 6  6  6  6  7  7  7 11 11 11 11]
 [ 6  4  4  4  6  6  6  6  6  7 11]
 [11  6  6  7  4  4  1  1  1  7 11]]


LAT LON Lat 38.12 Lon 21.96
==> 10 Grassland <==
 1 Evergreen Needleleaf Forest
11 Cropland
 6 Woodland
 7 Wooded Grassland
[[ 6  6  7  1  1  1  6  6  6  6  6]
 [ 6  6  7  1  1  1  6  6  6  6  6]
 [10 10 10  1  1  7  6  6  6  6  6]
 [11 10 10  7  7  7  6  6  6  6  7]
 [11 11  7 10 10  7  6  6  6  7  6]
 [10 11 11 11 10 10  7  7  1  7  7]
 [ 7 11  7  7  7  7  6  6  6  6  6]
 [ 6  7  7  7  7  6  6 11  7  7  7]
 [ 6  6  6  6  6  7  7  6  6  7  7]
 [ 6  6  6  6  6  7  7  6  7  7  7]
 [ 7  6  6  6  7  7  7  7  7  7  7]]


LAT LON Lat 36.6 Lon 23.01
==> 10 Grassland <==
 0 Water
11 Cropland
 6 Woodland
 7 Wooded Grassland
[[ 7  6  6  6  6  7  7  7  0  0  0]
 [ 6  7  7  7  6  6  7  7  0  0  0]
 [ 7  7  7  6  6  6  6  7  0  0  0]
 [ 7  7  7  7  6  6  6  6  0  0  0]
 [ 7  7  7  6  6  6  6  6  6  6  0]
 [ 7 11 10 10 10 10  6  6  6  7 10]
 [11  7  7  7  7  7  7  7  7  6  6]
 [11  7 10  7  7  7 10 10 10 10  7]
 [11 10 10 10 10  7  7  7  7 10 10]
 [11 10 10 10 10  7  7  7  7 10 10]
 [10  7  7  7 10 10  7  7  7  7  7]]


LAT LON Lat 35.54 Lon 26.63
==>  0 Water <==

[[0 0 0 0 0 0 0 0 0 0 0]
 [0 0 0 0 0 0 0 0 0 0 0]
 [0 0 0 0 0 0 0 0 0 0 0]
 [0 0 0 0 0 0 0 0 0 0 0]
 [0 0 0 0 0 0 0 0 0 0 0]
 [0 0 0 0 0 0 0 0 0 0 0]
 [0 0 0 0 0 0 0 0 0 0 0]
 [0 0 0 0 0 0 0 0 0 0 0]
 [0 0 0 0 0 0 0 0 0 0 0]
 [0 0 0 0 0 0 0 0 0 0 0]
 [0 0 0 0 0 0 0 0 0 0 0]]


LAT LON Lat 34.45 Lon 26.62
==>  0 Water <==

[[0 0 0 0 0 0 0 0 0 0 0]
 [0 0 0 0 0 0 0 0 0 0 0]
 [0 0 0 0 0 0 0 0 0 0 0]
 [0 0 0 0 0 0 0 0 0 0 0]
 [0 0 0 0 0 0 0 0 0 0 0]
 [0 0 0 0 0 0 0 0 0 0 0]
 [0 0 0 0 0 0 0 0 0 0 0]
 [0 0 0 0 0 0 0 0 0 0 0]
 [0 0 0 0 0 0 0 0 0 0 0]
 [0 0 0 0 0 0 0 0 0 0 0]
 [0 0 0 0 0 0 0 0 0 0 0]]


LAT LON Lat 37.38 Lon 20.3
==>  0 Water <==

[[0 0 0 0 0 0 0 0 0 0 0]
 [0 0 0 0 0 0 0 0 0 0 0]
 [0 0 0 0 0 0 0 0 0 0 0]
 [0 0 0 0 0 0 0 0 0 0 0]
 [0 0 0 0 0 0 0 0 0 0 0]
 [0 0 0 0 0 0 0 0 0 0 0]
 [0 0 0 0 0 0 0 0 0 0 0]
 [0 0 0 0 0 0 0 0 0 0 0]
 [0 0 0 0 0 0 0 0 0 0 0]
 [0 0 0 0 0 0 0 0 0 0 0]
 [0 0 0 0 0 0 0 0 0 0 0]]


LAT LON Lat 36.95 Lon 24.0
==>  0 Water <==

[[0 0 0 0 0 0 0 0 0 0 0]
 [0 0 0 0 0 0 0 0 0 0 0]
 [0 0 0 0 0 0 0 0 0 0 0]
 [0 0 0 0 0 0 0 0 0 0 0]
 [0 0 0 0 0 0 0 0 0 0 0]
 [0 0 0 0 0 0 0 0 0 0 0]
 [0 0 0 0 0 0 0 0 0 0 0]
 [0 0 0 0 0 0 0 0 0 0 0]
 [0 0 0 0 0 0 0 0 0 0 0]
 [0 0 0 0 0 0 0 0 0 0 0]
 [0 0 0 0 0 0 0 0 0 0 0]]


LAT LON Lat 35.08 Lon 9.42
==>  9 Open Shrubland <==
 8 Closed Shrubland
[[8 8 8 8 8 8 8 8 9 9 9]
 [9 8 8 8 8 8 9 8 8 8 8]
 [8 9 9 9 8 8 9 9 9 8 8]
 [9 9 9 9 9 9 8 8 8 9 8]
 [9 9 9 9 9 9 9 8 8 9 9]
 [8 8 9 8 9 9 9 8 8 8 8]
 [8 9 9 9 9 8 8 8 8 9 9]
 [8 9 9 8 8 8 9 8 8 9 9]
 [9 8 8 8 8 9 8 8 9 9 9]
 [8 9 9 8 9 9 9 9 9 9 9]
 [9 9 8 9 9 9 9 9 9 9 9]]


LAT LON Lat 39.983 Lon 13.274
==>  0 Water <==

[[0 0 0 0 0 0 0 0 0 0 0]
 [0 0 0 0 0 0 0 0 0 0 0]
 [0 0 0 0 0 0 0 0 0 0 0]
 [0 0 0 0 0 0 0 0 0 0 0]
 [0 0 0 0 0 0 0 0 0 0 0]
 [0 0 0 0 0 0 0 0 0 0 0]
 [0 0 0 0 0 0 0 0 0 0 0]
 [0 0 0 0 0 0 0 0 0 0 0]
 [0 0 0 0 0 0 0 0 0 0 0]
 [0 0 0 0 0 0 0 0 0 0 0]
 [0 0 0 0 0 0 0 0 0 0 0]]


LAT LON Lat 40.43 Lon 26.3
==>  0 Water <==

[[0 0 0 0 0 0 0 0 0 0 0]
 [0 0 0 0 0 0 0 0 0 0 0]
 [0 0 0 0 0 0 0 0 0 0 0]
 [0 0 0 0 0 0 0 0 0 0 0]
 [0 0 0 0 0 0 0 0 0 0 0]
 [0 0 0 0 0 0 0 0 0 0 0]
 [0 0 0 0 0 0 0 0 0 0 0]
 [0 0 0 0 0 0 0 0 0 0 0]
 [0 0 0 0 0 0 0 0 0 0 0]
 [0 0 0 0 0 0 0 0 0 0 0]
 [0 0 0 0 0 0 0 0 0 0 0]]


LAT LON Lat 43.74 Lon 20.69
==> 11 Cropland <==
10 Grassland
 6 Woodland
 7 Wooded Grassland
[[11 11 11 11 11  7  7  7  6  6  6]
 [10 11 11 11 11  7  7  7  6  6  7]
 [11 11 11 11 11  7  7  7  6  6  6]
 [11 11  7  7 10 11 11 11  6  6  6]
 [11 11 11 11 11 11 11 11 11 11 11]
 [11  7  7 11 11 11 11 11 11 11 11]
 [11  7  7 11 11 11 11 11 11 11 11]
 [11 11 11 11 11 11 11 11 11 11 11]
 [11 11 11 11 11 11 11 11 11 11 11]
 [11 11 11 11 10 10 11 11 11 11 11]
 [11 11 11 11 11 11 11 11 11 11 11]]


LAT LON Lat 39.97 Lon 21.44
==> 11 Cropland <==
10 Grassland
 6 Woodland
 7 Wooded Grassland
[[ 7 11  7  7  7  7  7  7  7  7  7]
 [ 7  7  7  7 10  7  7  7  7  7  7]
 [ 7  7  7  7  7  7  7 11  7  7  7]
 [ 7  7  7  7  7  7  7  7  7  7  7]
 [ 7  7  7 11 11 11 11  7 10 10  7]
 [ 7  7  7 11 11 11 11  7  7 10  7]
 [ 7  7  7  7 11 11  7  7  7  7  7]
 [ 7  7  7  7  7  7 10 10 10  7  7]
 [ 7  7  7  7  7 10  6  7  7  7  7]
 [ 7  7  7  7  7  7  7  7  7  7  7]
 [ 7  7  7  7  7  6  6  6  7 10 10]]


LAT LON Lat 42.42 Lon 21.59
==>  7 Wooded Grassland <==
10 Grassland
11 Cropland
 4 Deciduous Broadleaf Forest
 6 Woodland
[[ 7  7  6 11 11 10 11 11  7  6  6]
 [11 11 11 11 11 11 11 11  6  6  6]
 [11 11  7  7  7 11 11 11 11 11 11]
 [11 11 11 11 11 11 11 11  6  7  7]
 [ 6  7  6  6  7  7  7  7 11 11 11]
 [11  6  6  6  6  7  7 11 11 11  6]
 [ 7  7  6  6 11  7  7 11 11 11 11]
 [ 7  6  7  7 11  6  6 11  7  7  4]
 [ 7 11 11  6  7  7  7  7  7  7  7]
 [11 11 11 11  7  7  7  7 11 11 11]
 [11 11 11  7  7  7  7  7 11 11  7]]


LAT LON Lat 35.3 Lon 22.24
==>  0 Water <==

[[0 0 0 0 0 0 0 0 0 0 0]
 [0 0 0 0 0 0 0 0 0 0 0]
 [0 0 0 0 0 0 0 0 0 0 0]
 [0 0 0 0 0 0 0 0 0 0 0]
 [0 0 0 0 0 0 0 0 0 0 0]
 [0 0 0 0 0 0 0 0 0 0 0]
 [0 0 0 0 0 0 0 0 0 0 0]
 [0 0 0 0 0 0 0 0 0 0 0]
 [0 0 0 0 0 0 0 0 0 0 0]
 [0 0 0 0 0 0 0 0 0 0 0]
 [0 0 0 0 0 0 0 0 0 0 0]]


LAT LON Lat 38.16 Lon 22.71
==>  0 Water <==

[[0 0 0 0 0 0 0 0 0 0 0]
 [0 0 0 0 0 0 0 0 0 0 0]
 [0 0 0 0 0 0 0 0 0 0 0]
 [0 0 0 0 0 0 0 0 0 0 0]
 [0 0 0 0 0 0 0 0 0 0 0]
 [0 0 0 0 0 0 0 0 0 0 0]
 [0 0 0 0 0 0 0 0 0 0 0]
 [0 0 0 0 0 0 0 0 0 0 0]
 [0 0 0 0 0 0 0 0 0 0 0]
 [0 0 0 0 0 0 0 0 0 0 0]
 [0 0 0 0 0 0 0 0 0 0 0]]


LAT LON Lat 38.41 Lon 14.919
==>  0 Water <==
10 Grassland
 6 Woodland
 7 Wooded Grassland
[[ 0  0  0  0  0  0 10 10 10  6  0]
 [ 0  0  0  0  0  0  0  0  0  7  7]
 [ 0  0  0  0  0  0  0  0  0  0  0]
 [ 0  0  0  0  0  0  0  0  0  0  0]
 [ 0  0  0  0  0  0  0  0  0  0  0]
 [ 0  0  0  0  0  0  0  0  0  0  0]
 [ 0  0  0  0  0  0  0  0  0 10 10]
 [ 0  0  0  0  0  0  0  0  0 10  7]
 [ 0  0  0  0  0  0  0  0  0  7  7]
 [ 0  0  0  0  0  0  0  0  0  7  7]
 [ 0  0  0  0  0  0  0  0  0  0  0]]


LAT LON Lat 37.22 Lon 20.89
==>  0 Water <==

[[0 0 0 0 0 0 0 0 0 0 0]
 [0 0 0 0 0 0 0 0 0 0 0]
 [0 0 0 0 0 0 0 0 0 0 0]
 [0 0 0 0 0 0 0 0 0 0 0]
 [0 0 0 0 0 0 0 0 0 0 0]
 [0 0 0 0 0 0 0 0 0 0 0]
 [0 0 0 0 0 0 0 0 0 0 0]
 [0 0 0 0 0 0 0 0 0 0 0]
 [0 0 0 0 0 0 0 0 0 0 0]
 [0 0 0 0 0 0 0 0 0 0 0]
 [0 0 0 0 0 0 0 0 0 0 0]]


LAT LON Lat 39.4 Lon 20.5
==> 11 Cropland <==
10 Grassland
 7 Wooded Grassland
[[11 11 11 11 11 11 11 11 11 11 11]
 [10 10 10 11 10 10 11 11 11 11 11]
 [11 11  7 11 11 11 11 11 11 11 11]
 [ 7  7 11 11 11 11 11 11 11 11 11]
 [ 7  7 11 11 11 11 11 11 11 11 11]
 [ 7 11 10 11 11 11 11 11 11 11 11]
 [ 7 11 11 11 11 10 10 10 11 11 11]
 [ 7  7 10 10 11 11 11 11 11 11 11]
 [ 7 11 11 11  7 10 10 10 10 11 11]
 [ 7  7 11 11  7 11 11 11  7 11 11]
 [10  7  7 10 11 11 11 11 10 10 10]]


LAT LON Lat 40.5 Lon 23.6
==>  7 Wooded Grassland <==
 1 Evergreen Needleleaf Forest
11 Cropland
 4 Deciduous Broadleaf Forest
 5 Mixed Forest
 6 Woodland
[[ 7  7  7  7  7  7  7  6  6  6  7]
 [ 7  7  7  7  7  7  7  7  6  6  4]
 [ 7  7  7  7 11 11 11 11 11 11  7]
 [ 7  7  7  7  7  7 11 11 11 11 11]
 [ 7  7  7 11  7  7  7  7  7  7  7]
 [ 1  1  7  7  7  7 11 11 11  6  6]
 [ 6  6  7  7  7 11 11  7  7 11  6]
 [ 1  1  6  6  6  7  7  7  7  6  6]
 [ 4  4  1  1  1  7 11 11 11 11  6]
 [ 6  5  1  1  1  1 11 11  7  7  7]
 [ 6  1  1  1  1  7  7  7 11  7  7]]


LAT LON Lat 34.7 Lon 24.4
==>  0 Water <==

[[0 0 0 0 0 0 0 0 0 0 0]
 [0 0 0 0 0 0 0 0 0 0 0]
 [0 0 0 0 0 0 0 0 0 0 0]
 [0 0 0 0 0 0 0 0 0 0 0]
 [0 0 0 0 0 0 0 0 0 0 0]
 [0 0 0 0 0 0 0 0 0 0 0]
 [0 0 0 0 0 0 0 0 0 0 0]
 [0 0 0 0 0 0 0 0 0 0 0]
 [0 0 0 0 0 0 0 0 0 0 0]
 [0 0 0 0 0 0 0 0 0 0 0]
 [0 0 0 0 0 0 0 0 0 0 0]]


LAT LON Lat 34.23 Lon 25.03
==>  0 Water <==

[[0 0 0 0 0 0 0 0 0 0 0]
 [0 0 0 0 0 0 0 0 0 0 0]
 [0 0 0 0 0 0 0 0 0 0 0]
 [0 0 0 0 0 0 0 0 0 0 0]
 [0 0 0 0 0 0 0 0 0 0 0]
 [0 0 0 0 0 0 0 0 0 0 0]
 [0 0 0 0 0 0 0 0 0 0 0]
 [0 0 0 0 0 0 0 0 0 0 0]
 [0 0 0 0 0 0 0 0 0 0 0]
 [0 0 0 0 0 0 0 0 0 0 0]
 [0 0 0 0 0 0 0 0 0 0 0]]


LAT LON Lat 35.82 Lon 21.86
==>  0 Water <==

[[0 0 0 0 0 0 0 0 0 0 0]
 [0 0 0 0 0 0 0 0 0 0 0]
 [0 0 0 0 0 0 0 0 0 0 0]
 [0 0 0 0 0 0 0 0 0 0 0]
 [0 0 0 0 0 0 0 0 0 0 0]
 [0 0 0 0 0 0 0 0 0 0 0]
 [0 0 0 0 0 0 0 0 0 0 0]
 [0 0 0 0 0 0 0 0 0 0 0]
 [0 0 0 0 0 0 0 0 0 0 0]
 [0 0 0 0 0 0 0 0 0 0 0]
 [0 0 0 0 0 0 0 0 0 0 0]]


LAT LON Lat 39.31 Lon 23.99
==>  0 Water <==

[[0 0 0 0 0 0 0 0 0 0 0]
 [0 0 0 0 0 0 0 0 0 0 0]
 [0 0 0 0 0 0 0 0 0 0 0]
 [0 0 0 0 0 0 0 0 0 0 0]
 [0 0 0 0 0 0 0 0 0 0 0]
 [0 0 0 0 0 0 0 0 0 0 0]
 [0 0 0 0 0 0 0 0 0 0 0]
 [0 0 0 0 0 0 0 0 0 0 0]
 [0 0 0 0 0 0 0 0 0 0 0]
 [0 0 0 0 0 0 0 0 0 0 0]
 [0 0 0 0 0 0 0 0 0 0 0]]


LAT LON Lat 36.23 Lon 21.81
==>  0 Water <==

[[0 0 0 0 0 0 0 0 0 0 0]
 [0 0 0 0 0 0 0 0 0 0 0]
 [0 0 0 0 0 0 0 0 0 0 0]
 [0 0 0 0 0 0 0 0 0 0 0]
 [0 0 0 0 0 0 0 0 0 0 0]
 [0 0 0 0 0 0 0 0 0 0 0]
 [0 0 0 0 0 0 0 0 0 0 0]
 [0 0 0 0 0 0 0 0 0 0 0]
 [0 0 0 0 0 0 0 0 0 0 0]
 [0 0 0 0 0 0 0 0 0 0 0]
 [0 0 0 0 0 0 0 0 0 0 0]]


LAT LON Lat 41.137 Lon 19.761
==> 10 Grassland <==
11 Cropland
 6 Woodland
 7 Wooded Grassland
[[10 10 10 11 11 11  7  7  7  7  7]
 [10 10 10 10 10 11  7  7 10  6  6]
 [10 10 10  7  7  7 10 10 11  7  7]
 [ 7 10 10 10 10 10  7  7 10 10 10]
 [10  7 10 10 10 10 10 10 10 11 11]
 [10 10  7  7  7 10 10  7  7 10 10]
 [10 10 10 10  7 10 10 10  7  7 10]
 [10 10 10 10 10  7  7  7  7  7  7]
 [10 10 10 10 10 10 10  7  7  7  7]
 [10 11 11 10 10 10  7 10 11 11  7]
 [10 11 11 10 10 10  7 10 11 11  7]]


LAT LON Lat 45.57 Lon 26.42
==>  5 Mixed Forest <==
 1 Evergreen Needleleaf Forest
 4 Deciduous Broadleaf Forest
 6 Woodland
 7 Wooded Grassland
[[5 5 5 5 5 5 1 5 5 5 5]
 [5 5 5 5 6 6 1 5 5 5 5]
 [5 5 4 5 5 7 1 1 5 5 5]
 [4 4 4 5 5 5 5 5 1 5 5]
 [5 5 5 5 5 5 5 5 5 5 5]
 [5 5 5 5 5 5 5 5 5 5 5]
 [5 5 5 5 5 5 5 5 5 5 5]
 [5 5 5 5 5 5 5 5 5 5 5]
 [5 5 5 5 5 5 5 5 4 4 4]
 [5 5 5 5 5 5 5 5 4 4 4]
 [5 5 5 5 5 6 5 5 5 5 5]]


LAT LON Lat 35.6 Lon 24.7
==>  0 Water <==

[[0 0 0 0 0 0 0 0 0 0 0]
 [0 0 0 0 0 0 0 0 0 0 0]
 [0 0 0 0 0 0 0 0 0 0 0]
 [0 0 0 0 0 0 0 0 0 0 0]
 [0 0 0 0 0 0 0 0 0 0 0]
 [0 0 0 0 0 0 0 0 0 0 0]
 [0 0 0 0 0 0 0 0 0 0 0]
 [0 0 0 0 0 0 0 0 0 0 0]
 [0 0 0 0 0 0 0 0 0 0 0]
 [0 0 0 0 0 0 0 0 0 0 0]
 [0 0 0 0 0 0 0 0 0 0 0]]


LAT LON Lat 34.2 Lon 26.04
==>  0 Water <==

[[0 0 0 0 0 0 0 0 0 0 0]
 [0 0 0 0 0 0 0 0 0 0 0]
 [0 0 0 0 0 0 0 0 0 0 0]
 [0 0 0 0 0 0 0 0 0 0 0]
 [0 0 0 0 0 0 0 0 0 0 0]
 [0 0 0 0 0 0 0 0 0 0 0]
 [0 0 0 0 0 0 0 0 0 0 0]
 [0 0 0 0 0 0 0 0 0 0 0]
 [0 0 0 0 0 0 0 0 0 0 0]
 [0 0 0 0 0 0 0 0 0 0 0]
 [0 0 0 0 0 0 0 0 0 0 0]]


LAT LON Lat 38.15 Lon 26.31
==>  0 Water <==

[[0 0 0 0 0 0 0 0 0 0 0]
 [0 0 0 0 0 0 0 0 0 0 0]
 [0 0 0 0 0 0 0 0 0 0 0]
 [0 0 0 0 0 0 0 0 0 0 0]
 [0 0 0 0 0 0 0 0 0 0 0]
 [0 0 0 0 0 0 0 0 0 0 0]
 [0 0 0 0 0 0 0 0 0 0 0]
 [0 0 0 0 0 0 0 0 0 0 0]
 [0 0 0 0 0 0 0 0 0 0 0]
 [0 0 0 0 0 0 0 0 0 0 0]
 [0 0 0 0 0 0 0 0 0 0 0]]


LAT LON Lat 42.8 Lon 20.7
==> 11 Cropland <==
 1 Evergreen Needleleaf Forest
 4 Deciduous Broadleaf Forest
 5 Mixed Forest
 6 Woodland
 7 Wooded Grassland
10 Grassland
[[ 4  6  4  4  5  6  6  4  4  4  4]
 [ 6  6  4  4  1  6  6  4  6  6  5]
 [11 11 11 11  6  7  7  7  6  6  6]
 [11 11 11 11 11  7  7  7  7  7  7]
 [11 11 11 11 11 11 11  7  7  7  7]
 [11 11 11 11 11 11 11  7  7  7  7]
 [10 10 10 11 10 10 11 11 11 11 11]
 [11 10 10 10 10 10 11 10 10 11  7]
 [11 11 10 10 10 10 11 10 10 11  7]
 [10 10 11 10 10 10 10 10 10 11 11]
 [10 10 11 10 10 11 10 10 11 11  7]]


LAT LON Lat 33.98 Lon 25.42
==>  0 Water <==

[[0 0 0 0 0 0 0 0 0 0 0]
 [0 0 0 0 0 0 0 0 0 0 0]
 [0 0 0 0 0 0 0 0 0 0 0]
 [0 0 0 0 0 0 0 0 0 0 0]
 [0 0 0 0 0 0 0 0 0 0 0]
 [0 0 0 0 0 0 0 0 0 0 0]
 [0 0 0 0 0 0 0 0 0 0 0]
 [0 0 0 0 0 0 0 0 0 0 0]
 [0 0 0 0 0 0 0 0 0 0 0]
 [0 0 0 0 0 0 0 0 0 0 0]
 [0 0 0 0 0 0 0 0 0 0 0]]


LAT LON Lat 42.204 Lon 19.509
==> 10 Grassland <==
 8 Closed Shrubland
 9 Open Shrubland
11 Cropland
 7 Wooded Grassland
[[10 10 10 10 10 10 10 10 10 10 11]
 [ 8  8 10 10 10 10 10 10 10  7 10]
 [10 10  9 10 10 10 10 10 10 11 11]
 [10 10 10 10 10 10 10 10 11 11 11]
 [10  8 10 10 10 10 10 10  7 10 10]
 [10 10 10 10 10 10 10 10 10 10 10]
 [10 10 10 10 10 10 10 10 10 10 10]
 [10  8 10 10 10 10 10 10 10 10 10]
 [10 10 10 10  9  8  8 10 10 10 10]
 [10 10 10 10 10  8  8 10 11 11 10]
 [10 10 10 10 10  8  8 10 11 11 10]]


LAT LON Lat 38.3 Lon 22.4
==>  0 Water <==
10 Grassland
 6 Woodland
 7 Wooded Grassland
[[ 0  6  6 10  0  0  0  0  0  0  0]
 [ 0  7  7  0  0  0  0  0  0  0  0]
 [ 0  0  0  0  0  0  0  0  0  0  0]
 [ 0  0  0  0  0  0  0  0  0  0  0]
 [ 0  0  0  0  0  0  0  0  0  0  0]
 [ 0  0  0  0  0  0  0  0  0  0  0]
 [ 0  0  0  0  0  0  0  0  0  0  0]
 [ 0  0  0  0  0  0  0  0  0  0  0]
 [ 0  0  0  0  0  0  0  0  0  0  0]
 [ 0  0  0  0  0  0  0  0  0  0  0]
 [ 0  0  0  0  0  0  0  0  0  0  0]]


LAT LON Lat 38.42 Lon 22.04
==> 11 Cropland <==
 0 Water
 1 Evergreen Needleleaf Forest
10 Grassland
 6 Woodland
 7 Wooded Grassland
[[ 7  7  6  6  6  7  7  1  1  1  1]
 [ 6  6  6  6  7  7  7  7  6  1  1]
 [ 7  7  7  7  7  7  7  7  7  7  6]
 [ 6 10 10  7  7  7  7 10  7  7  7]
 [ 6  7  7 10 11 11 10 10 10 10  7]
 [10 10 10 11 11 11 10 10  7  7  7]
 [10 10  7 10 10 10 11 10 10 11  7]
 [ 7  7  6 11 11 10 10 10 10 10 10]
 [10  6 11 10 10 11 10  7  7 11 11]
 [ 0  0  0  0  0  0  0  0  0 10 10]
 [ 0  0  0  0  0  0  0  0  0 10 10]]


LAT LON Lat 38.4 Lon 22.0
==>  6 Woodland <==
 0 Water
10 Grassland
11 Cropland
 7 Wooded Grassland
[[ 7  6  6  6  6 10 10  7  7  7  7]
 [10  6  6  7  6  7  7 10 11 11 10]
 [ 7  6  6  7 10 10 10 11 11 11 10]
 [11 11  6 10 10 10  7 10 10 10 11]
 [11 11 10 10  7  7  6 11 11 10 10]
 [ 0  0  0 10 10  6 11 10 10 11 10]
 [ 0  0  0  0  0  0  0  0  0  0  0]
 [ 0  0  0  0  0  0  0  0  0  0  0]
 [ 0  0  0  0  0  0  0  0  0  0  0]
 [ 0  0  0  0  0  0  0  0  0  0  0]
 [ 0  0  0  0  0  0  0  0  0  0  0]]


LAT LON Lat 36.04 Lon 25.45
==>  0 Water <==

[[0 0 0 0 0 0 0 0 0 0 0]
 [0 0 0 0 0 0 0 0 0 0 0]
 [0 0 0 0 0 0 0 0 0 0 0]
 [0 0 0 0 0 0 0 0 0 0 0]
 [0 0 0 0 0 0 0 0 0 0 0]
 [0 0 0 0 0 0 0 0 0 0 0]
 [0 0 0 0 0 0 0 0 0 0 0]
 [0 0 0 0 0 0 0 0 0 0 0]
 [0 0 0 0 0 0 0 0 0 0 0]
 [0 0 0 0 0 0 0 0 0 0 0]
 [0 0 0 0 0 0 0 0 0 0 0]]


LAT LON 